# Region type : faceZone InSurface
# Faces  :      548
# Area   :      4.17307897e+01
# Time          	areaAverage(surfaceInterpolate(p))
0.002           
0.202           	0.00000000e+00
0.402           	0.00000000e+00
0.602           	1.37961943e-01
0.802           	1.37961943e-01
1.002           	1.37961943e-01
1.202           	2.33481210e-01
1.402           	2.33481210e-01
1.602           	2.94501645e-01
1.802           	2.94501645e-01
2.002           	2.94501645e-01
2.202           	2.81580937e-01
2.402           	2.81580937e-01
2.602           	2.78032938e-01
2.802           	2.78032938e-01
3.002           	2.78032938e-01
3.202           	2.60936281e-01
3.402           	2.60936281e-01
3.602           	2.50029041e-01
3.802           	2.50029041e-01
4.002           	2.50029041e-01
4.202           	2.28130788e-01
4.402           	2.28130788e-01
4.602           	2.13374286e-01
4.802           	2.13374286e-01
5.002           	2.13374286e-01
5.202           	2.13447825e-01
5.402           	2.13447825e-01
5.602           	2.19635176e-01
5.802           	2.19635176e-01
6.002           	2.19635176e-01
6.202           	2.34782573e-01
6.402           	2.34782573e-01
6.602           	2.48951425e-01
6.802           	2.48951425e-01
7.002           	2.48951425e-01
7.202           	2.35557096e-01
7.402           	2.35557096e-01
7.602           	2.24042842e-01
7.802           	2.24042842e-01
8.002           	2.24042842e-01
8.202           	2.14497569e-01
8.402           	2.14497569e-01
8.602           	1.96443990e-01
8.802           	1.96443990e-01
9.002           	1.96443990e-01
9.202           	1.57973794e-01
9.402           	1.57973794e-01
9.602           	1.48801285e-01
9.802           	1.48801285e-01
10.002          	1.48801285e-01
10.202          	1.79521472e-01
10.402          	1.79521472e-01
10.602          	2.15737124e-01
10.802          	2.15737124e-01
11.002          	2.15737124e-01
11.202          	2.14790348e-01
11.402          	2.14790348e-01
11.602          	2.24675655e-01
11.802          	2.24675655e-01
12.002          	2.24675655e-01
12.202          	2.20716902e-01
12.402          	2.20716902e-01
12.602          	2.34357262e-01
12.802          	2.34357262e-01
13.002          	2.34357262e-01
13.202          	2.27630554e-01
13.402          	2.27630554e-01
13.602          	2.06264878e-01
13.802          	2.06264878e-01
14.002          	2.06264878e-01
14.202          	1.80061461e-01
14.402          	1.80061461e-01
14.602          	1.54776306e-01
14.802          	1.54776306e-01
15.002          	1.54776306e-01
15.202          	1.52916388e-01
15.402          	1.52916388e-01
15.602          	1.79521353e-01
15.802          	1.79521353e-01
16.002          	1.79521353e-01
16.202          	2.04823253e-01
16.402          	2.04823253e-01
16.602          	2.09685791e-01
16.802          	2.09685791e-01
17.002          	2.09685791e-01
17.202          	2.03765437e-01
17.402          	2.03765437e-01
17.602          	2.06087657e-01
17.802          	2.06087657e-01
18.002          	2.06087657e-01
18.202          	1.98751622e-01
18.402          	1.98751622e-01
18.602          	1.78442023e-01
18.802          	1.78442023e-01
19.002          	1.78442023e-01
19.202          	1.61905414e-01
19.402          	1.61905414e-01
19.602          	1.44814203e-01
19.802          	1.44814203e-01
20.002          	1.44814203e-01
20.202          	1.46209951e-01
20.402          	1.46209951e-01
20.602          	1.88815786e-01
20.802          	1.88815786e-01
21.002          	1.88815786e-01
21.202          	2.14159867e-01
21.402          	2.14159867e-01
21.602          	2.14271781e-01
21.802          	2.14271781e-01
22.002          	2.14271781e-01
22.202          	2.11085905e-01
22.402          	2.11085905e-01
22.602          	2.07666881e-01
22.802          	2.07666881e-01
23.002          	2.07666881e-01
23.202          	1.95064056e-01
23.402          	1.95064056e-01
23.602          	1.84077534e-01
23.802          	1.84077534e-01
24.002          	1.84077534e-01
24.202          	1.69111641e-01
24.402          	1.69111641e-01
24.602          	1.53208566e-01
24.802          	1.53208566e-01
25.002          	1.53208566e-01
25.202          	1.57851993e-01
25.402          	1.57851993e-01
25.602          	1.96903175e-01
25.802          	1.96903175e-01
26.002          	1.96903175e-01
26.202          	2.12394376e-01
26.402          	2.12394376e-01
26.602          	2.11281070e-01
26.802          	2.11281070e-01
27.002          	2.11281070e-01
27.202          	2.15645282e-01
27.402          	2.15645282e-01
27.602          	2.13794346e-01
27.802          	2.13794346e-01
28.002          	2.13794346e-01
28.202          	1.98934483e-01
28.402          	1.98934483e-01
28.602          	1.83000479e-01
28.802          	1.83000479e-01
29.002          	1.83000479e-01
29.202          	1.70078265e-01
29.402          	1.70078265e-01
29.602          	1.56352858e-01
29.802          	1.56352858e-01
30.002          	1.56352858e-01
30.202          	1.61928888e-01
30.402          	1.61928888e-01
30.602          	1.86065527e-01
30.802          	1.86065527e-01
31.002          	1.86065527e-01
31.202          	1.99455465e-01
31.402          	1.99455465e-01
31.602          	1.98701653e-01
31.802          	1.98701653e-01
32.002          	1.98701653e-01
32.202          	2.02199257e-01
32.402          	2.02199257e-01
32.602          	2.03318338e-01
32.802          	2.03318338e-01
33.002          	2.03318338e-01
33.202          	1.91716721e-01
33.402          	1.91716721e-01
33.602          	1.77689931e-01
33.802          	1.77689931e-01
34.002          	1.77689931e-01
34.202          	1.67138140e-01
34.402          	1.67138140e-01
34.602          	1.70267864e-01
34.802          	1.70267864e-01
35.002          	1.70267864e-01
35.202          	1.91660887e-01
35.402          	1.91660887e-01
35.602          	1.99756243e-01
35.802          	1.99756243e-01
36.002          	1.99756243e-01
36.202          	1.97756159e-01
36.402          	1.97756159e-01
36.602          	1.97561331e-01
36.802          	1.97561331e-01
37.002          	1.97561331e-01
37.202          	1.97281029e-01
37.402          	1.97281029e-01
37.602          	1.90127975e-01
37.802          	1.90127975e-01
38.002          	1.90127975e-01
38.202          	1.77853895e-01
38.402          	1.77853895e-01
38.602          	1.65929618e-01
38.802          	1.65929618e-01
39.002          	1.65929618e-01
39.202          	1.64281880e-01
39.402          	1.64281880e-01
39.602          	1.85088560e-01
39.802          	1.85088560e-01
40.002          	1.85088560e-01
40.202          	2.04805185e-01
40.402          	2.04805185e-01
40.602          	2.00360987e-01
40.802          	2.00360987e-01
41.002          	2.00360987e-01
41.202          	1.94996364e-01
41.402          	1.94996364e-01
41.602          	1.92459384e-01
41.802          	1.92459384e-01
42.002          	1.92459384e-01
42.202          	1.87113887e-01
42.402          	1.87113887e-01
42.602          	1.79543204e-01
42.802          	1.79543204e-01
43.002          	1.79543204e-01
43.202          	1.70528630e-01
43.402          	1.70528630e-01
43.602          	1.66001790e-01
43.802          	1.66001790e-01
44.002          	1.66001790e-01
44.202          	1.78706868e-01
44.402          	1.78706868e-01
44.602          	1.99959343e-01
44.802          	1.99959343e-01
45.002          	1.99959343e-01
45.202          	2.05624632e-01
45.402          	2.05624632e-01
45.602          	2.04795049e-01
45.802          	2.04795049e-01
46.002          	2.04795049e-01
46.202          	2.03224058e-01
46.402          	2.03224058e-01
46.602          	1.95610189e-01
46.802          	1.95610189e-01
47.002          	1.95610189e-01
47.202          	1.83623412e-01
47.402          	1.83623412e-01
47.602          	1.71002431e-01
47.802          	1.71002431e-01
48.002          	1.71002431e-01
48.202          	1.62970722e-01
48.402          	1.62970722e-01
48.602          	1.72616587e-01
48.802          	1.72616587e-01
49.002          	1.72616587e-01
49.202          	1.97734166e-01
49.402          	1.97734166e-01
49.602          	2.08097647e-01
49.802          	2.08097647e-01
50.002          	2.08097647e-01
50.202          	2.06397996e-01
50.402          	2.06397996e-01
50.602          	2.05708871e-01
50.802          	2.05708871e-01
51.002          	2.05708871e-01
51.202          	2.00529651e-01
51.402          	2.00529651e-01
51.602          	1.88975717e-01
51.802          	1.88975717e-01
52.002          	1.88975717e-01
52.202          	1.77683087e-01
52.402          	1.77683087e-01
52.602          	1.68676674e-01
52.802          	1.68676674e-01
53.002          	1.68676674e-01
53.202          	1.67862154e-01
53.402          	1.67862154e-01
53.602          	1.87545894e-01
53.802          	1.87545894e-01
54.002          	1.87545894e-01
54.202          	2.09468697e-01
54.402          	2.09468697e-01
54.602          	2.09105969e-01
54.802          	2.09105969e-01
55.002          	2.09105969e-01
55.202          	2.02874943e-01
55.402          	2.02874943e-01
55.602          	1.99575504e-01
55.802          	1.99575504e-01
56.002          	1.99575504e-01
56.202          	1.95040424e-01
56.402          	1.95040424e-01
56.602          	1.84208953e-01
56.802          	1.84208953e-01
57.002          	1.84208953e-01
57.202          	1.70677952e-01
57.402          	1.70677952e-01
57.602          	1.66144323e-01
57.802          	1.66144323e-01
58.002          	1.66144323e-01
58.202          	1.80712713e-01
58.402          	1.80712713e-01
58.602          	2.00624495e-01
58.802          	2.00624495e-01
59.002          	2.00624495e-01
59.202          	2.07187436e-01
59.402          	2.07187436e-01
59.602          	2.07944070e-01
59.802          	2.07944070e-01
60.002          	2.07944070e-01
60.202          	2.09024030e-01
60.402          	2.09024030e-01
60.602          	2.02280933e-01
60.802          	2.02280933e-01
61.002          	2.02280933e-01
61.202          	1.86135754e-01
61.402          	1.86135754e-01
61.602          	1.71094395e-01
61.802          	1.71094395e-01
62.002          	1.71094395e-01
62.202          	1.66040057e-01
62.402          	1.66040057e-01
62.602          	1.77369574e-01
62.802          	1.77369574e-01
63.002          	1.77369574e-01
63.202          	1.99336512e-01
63.402          	1.99336512e-01
63.602          	2.09977539e-01
63.802          	2.09977539e-01
64.002          	2.09977539e-01
64.202          	2.12124515e-01
64.402          	2.12124515e-01
64.602          	2.13471736e-01
64.802          	2.13471736e-01
65.002          	2.13471736e-01
65.202          	2.08443322e-01
65.402          	2.08443322e-01
65.602          	1.94698124e-01
65.802          	1.94698124e-01
66.002          	1.94698124e-01
66.202          	1.81006358e-01
66.402          	1.81006358e-01
66.602          	1.70532399e-01
66.802          	1.70532399e-01
67.002          	1.70532399e-01
67.202          	1.72053439e-01
67.402          	1.72053439e-01
67.602          	1.88354686e-01
67.802          	1.88354686e-01
68.002          	1.88354686e-01
68.202          	2.06999308e-01
68.402          	2.06999308e-01
68.602          	2.12810769e-01
68.802          	2.12810769e-01
69.002          	2.12810769e-01
69.202          	2.09276797e-01
69.402          	2.09276797e-01
69.602          	2.03375741e-01
69.802          	2.03375741e-01
70.002          	2.03375741e-01
70.202          	1.95833643e-01
70.402          	1.95833643e-01
70.602          	1.87503611e-01
70.802          	1.87503611e-01
71.002          	1.87503611e-01
71.202          	1.80191261e-01
71.402          	1.80191261e-01
71.602          	1.75785914e-01
71.802          	1.75785914e-01
72.002          	1.75785914e-01
72.202          	1.84350957e-01
72.402          	1.84350957e-01
72.602          	2.03523429e-01
72.802          	2.03523429e-01
73.002          	2.03523429e-01
73.202          	2.12406653e-01
73.402          	2.12406653e-01
73.602          	2.10043092e-01
73.802          	2.10043092e-01
74.002          	2.10043092e-01
74.202          	2.02995656e-01
74.402          	2.02995656e-01
74.602          	1.95870167e-01
74.802          	1.95870167e-01
75.002          	1.95870167e-01
75.202          	1.87647008e-01
75.402          	1.87647008e-01
75.602          	1.79031560e-01
75.802          	1.79031560e-01
76.002          	1.79031560e-01
76.202          	1.76162484e-01
76.402          	1.76162484e-01
76.602          	1.84748704e-01
76.802          	1.84748704e-01
77.002          	1.84748704e-01
77.202          	2.00717336e-01
77.402          	2.00717336e-01
77.602          	2.09229808e-01
77.802          	2.09229808e-01
78.002          	2.09229808e-01
78.202          	2.07728647e-01
78.402          	2.07728647e-01
78.602          	2.03858074e-01
78.802          	2.03858074e-01
79.002          	2.03858074e-01
79.202          	2.01550235e-01
79.402          	2.01550235e-01
79.602          	1.92892165e-01
79.802          	1.92892165e-01
80.002          	1.92892165e-01
80.202          	1.85444126e-01
80.402          	1.85444126e-01
80.602          	1.85352375e-01
80.802          	1.85352375e-01
81.002          	1.85352375e-01
81.202          	1.89780677e-01
81.402          	1.89780677e-01
81.602          	1.94207867e-01
81.802          	1.94207867e-01
82.002          	1.94207867e-01
82.202          	2.00365719e-01
82.402          	2.00365719e-01
82.602          	2.02836186e-01
82.802          	2.02836186e-01
83.002          	2.02836186e-01
83.202          	1.99786118e-01
83.402          	1.99786118e-01
83.602          	1.93651911e-01
83.802          	1.93651911e-01
84.002          	1.93651911e-01
84.202          	1.89036249e-01
84.402          	1.89036249e-01
84.602          	1.88633046e-01
84.802          	1.88633046e-01
85.002          	1.88633046e-01
85.202          	1.89769298e-01
85.402          	1.89769298e-01
85.602          	1.91232416e-01
85.802          	1.91232416e-01
86.002          	1.91232416e-01
86.202          	1.94791300e-01
86.402          	1.94791300e-01
86.602          	2.01291121e-01
86.802          	2.01291121e-01
87.002          	2.01291121e-01
87.202          	2.02764927e-01
87.402          	2.02764927e-01
87.602          	1.99173725e-01
87.802          	1.99173725e-01
88.002          	1.99173725e-01
88.202          	1.94249883e-01
88.402          	1.94249883e-01
88.602          	1.93806768e-01
88.802          	1.93806768e-01
89.002          	1.93806768e-01
89.202          	1.93491676e-01
89.402          	1.93491676e-01
89.602          	1.93451638e-01
89.802          	1.93451638e-01
90.002          	1.93451638e-01
90.202          	1.94347651e-01
90.402          	1.94347651e-01
90.602          	1.95778358e-01
90.802          	1.95778358e-01
91.002          	1.95778358e-01
91.202          	1.99795405e-01
91.402          	1.99795405e-01
91.602          	2.00917994e-01
91.802          	2.00917994e-01
92.002          	2.00917994e-01
92.202          	1.96902638e-01
92.402          	1.96902638e-01
92.602          	1.91518260e-01
92.802          	1.91518260e-01
93.002          	1.91518260e-01
93.202          	1.92362601e-01
93.402          	1.92362601e-01
93.602          	1.96860276e-01
93.802          	1.96860276e-01
94.002          	1.96860276e-01
94.202          	1.98405416e-01
94.402          	1.98405416e-01
94.602          	1.97196652e-01
94.802          	1.97196652e-01
95.002          	1.97196652e-01
95.202          	1.99938058e-01
95.402          	1.99938058e-01
95.602          	2.04053554e-01
95.802          	2.04053554e-01
96.002          	2.04053554e-01
96.202          	2.01052609e-01
96.402          	2.01052609e-01
96.602          	1.94620943e-01
96.802          	1.94620943e-01
97.002          	1.94620943e-01
97.202          	1.93806295e-01
97.402          	1.93806295e-01
97.602          	1.95110217e-01
97.802          	1.95110217e-01
98.002          	1.95110217e-01
98.202          	1.94618635e-01
98.402          	1.94618635e-01
98.602          	1.93804961e-01
98.802          	1.93804961e-01
99.002          	1.93804961e-01
99.202          	1.91031304e-01
99.402          	1.91031304e-01
99.602          	1.92073329e-01
99.802          	1.92073329e-01
100.002         	1.92073329e-01
100.202         	1.96480464e-01
100.402         	1.96480464e-01
100.602         	1.99667193e-01
100.802         	1.99667193e-01
101.002         	1.99667193e-01
101.202         	1.98349620e-01
101.402         	1.98349620e-01
101.602         	1.96670740e-01
101.802         	1.96670740e-01
102.002         	1.96670740e-01
102.202         	1.96240975e-01
102.402         	1.96240975e-01
102.602         	1.94518409e-01
102.802         	1.94518409e-01
103.002         	1.94518409e-01
103.202         	1.92157099e-01
103.402         	1.92157099e-01
103.602         	1.92866712e-01
103.802         	1.92866712e-01
104.002         	1.92866712e-01
104.202         	1.94092550e-01
104.402         	1.94092550e-01
104.602         	1.97334988e-01
104.802         	1.97334988e-01
105.002         	1.97334988e-01
105.202         	1.98412000e-01
105.402         	1.98412000e-01
105.602         	1.99617302e-01
105.802         	1.99617302e-01
106.002         	1.99617302e-01
106.202         	2.02004960e-01
106.402         	2.02004960e-01
106.602         	2.01053086e-01
106.802         	2.01053086e-01
107.002         	2.01053086e-01
107.202         	1.97412786e-01
107.402         	1.97412786e-01
107.602         	1.94931624e-01
107.802         	1.94931624e-01
108.002         	1.94931624e-01
108.202         	1.94188032e-01
108.402         	1.94188032e-01
108.602         	1.93750431e-01
108.802         	1.93750431e-01
109.002         	1.93750431e-01
109.202         	1.93585113e-01
109.402         	1.93585113e-01
109.602         	1.96926766e-01
109.802         	1.96926766e-01
110.002         	1.96926766e-01
110.202         	2.01733863e-01
110.402         	2.01733863e-01
110.602         	2.01380317e-01
110.802         	2.01380317e-01
111.002         	2.01380317e-01
111.202         	1.96397774e-01
111.402         	1.96397774e-01
111.602         	1.92273636e-01
111.802         	1.92273636e-01
112.002         	1.92273636e-01
112.202         	1.95523221e-01
112.402         	1.95523221e-01
112.602         	1.99852217e-01
112.802         	1.99852217e-01
113.002         	1.99852217e-01
113.202         	1.95615768e-01
113.402         	1.95615768e-01
113.602         	1.95044022e-01
113.802         	1.95044022e-01
114.002         	1.95044022e-01
114.202         	2.02357286e-01
114.402         	2.02357286e-01
114.602         	2.03742359e-01
114.802         	2.03742359e-01
115.002         	2.03742359e-01
115.202         	1.97320634e-01
115.402         	1.97320634e-01
115.602         	1.91749118e-01
115.802         	1.91749118e-01
116.002         	1.91749118e-01
116.202         	1.93243375e-01
116.402         	1.93243375e-01
116.602         	1.97109142e-01
116.802         	1.97109142e-01
117.002         	1.97109142e-01
117.202         	1.93272278e-01
117.402         	1.93272278e-01
117.602         	1.87456059e-01
117.802         	1.87456059e-01
118.002         	1.87456059e-01
118.202         	1.91667599e-01
118.402         	1.91667599e-01
118.602         	1.99390485e-01
118.802         	1.99390485e-01
119.002         	1.99390485e-01
119.202         	2.01177587e-01
119.402         	2.01177587e-01
119.602         	1.97774145e-01
119.802         	1.97774145e-01
120.002         	1.97774145e-01
120.202         	1.97716298e-01
120.402         	1.97716298e-01
120.602         	1.99492143e-01
120.802         	1.99492143e-01
121.002         	1.99492143e-01
121.202         	2.00335459e-01
121.402         	2.00335459e-01
121.602         	1.96267417e-01
121.802         	1.96267417e-01
122.002         	1.96267417e-01
122.202         	1.92759537e-01
122.402         	1.92759537e-01
122.602         	1.97534475e-01
122.802         	1.97534475e-01
123.002         	1.97534475e-01
123.202         	2.01828581e-01
123.402         	2.01828581e-01
123.602         	2.03630313e-01
123.802         	2.03630313e-01
124.002         	2.03630313e-01
124.202         	2.04335068e-01
124.402         	2.04335068e-01
124.602         	2.05429560e-01
124.802         	2.05429560e-01
125.002         	2.05429560e-01
125.202         	2.06472410e-01
125.402         	2.06472410e-01
125.602         	2.02160344e-01
125.802         	2.02160344e-01
126.002         	2.02160344e-01
126.202         	1.95780091e-01
126.402         	1.95780091e-01
126.602         	1.90554253e-01
126.802         	1.90554253e-01
127.002         	1.90554253e-01
127.202         	1.91266434e-01
127.402         	1.91266434e-01
127.602         	1.95499384e-01
127.802         	1.95499384e-01
128.002         	1.95499384e-01
128.202         	1.98553741e-01
128.402         	1.98553741e-01
128.602         	2.04425432e-01
128.802         	2.04425432e-01
129.002         	2.04425432e-01
129.202         	2.06723237e-01
129.402         	2.06723237e-01
129.602         	2.06253067e-01
129.802         	2.06253067e-01
130.002         	2.06253067e-01
130.202         	2.04009184e-01
130.402         	2.04009184e-01
130.602         	1.99724318e-01
130.802         	1.99724318e-01
131.002         	1.99724318e-01
131.202         	1.97131199e-01
131.402         	1.97131199e-01
131.602         	1.97125086e-01
131.802         	1.97125086e-01
132.002         	1.97125086e-01
132.202         	1.99357335e-01
132.402         	1.99357335e-01
132.602         	2.03930100e-01
132.802         	2.03930100e-01
133.002         	2.03930100e-01
133.202         	2.04142596e-01
133.402         	2.04142596e-01
133.602         	2.01798041e-01
133.802         	2.01798041e-01
134.002         	2.01798041e-01
134.202         	1.98798842e-01
134.402         	1.98798842e-01
134.602         	1.96152076e-01
134.802         	1.96152076e-01
135.002         	1.96152076e-01
135.202         	1.99857374e-01
135.402         	1.99857374e-01
135.602         	2.02454529e-01
135.802         	2.02454529e-01
136.002         	2.02454529e-01
136.202         	2.02306247e-01
136.402         	2.02306247e-01
136.602         	2.04291538e-01
136.802         	2.04291538e-01
137.002         	2.04291538e-01
137.202         	2.01917308e-01
137.402         	2.01917308e-01
137.602         	1.98553994e-01
137.802         	1.98553994e-01
138.002         	1.98553994e-01
138.202         	1.96963148e-01
138.402         	1.96963148e-01
138.602         	1.98817044e-01
138.802         	1.98817044e-01
139.002         	1.98817044e-01
139.202         	2.04487685e-01
139.402         	2.04487685e-01
139.602         	2.07587341e-01
139.802         	2.07587341e-01
140.002         	2.07587341e-01
140.202         	2.05217950e-01
140.402         	2.05217950e-01
140.602         	2.02895541e-01
140.802         	2.02895541e-01
141.002         	2.02895541e-01
141.202         	1.98360426e-01
141.402         	1.98360426e-01
141.602         	1.95134368e-01
141.802         	1.95134368e-01
142.002         	1.95134368e-01
142.202         	1.92884622e-01
142.402         	1.92884622e-01
142.602         	1.92946892e-01
142.802         	1.92946892e-01
143.002         	1.92946892e-01
143.202         	1.97804411e-01
143.402         	1.97804411e-01
143.602         	2.04739925e-01
143.802         	2.04739925e-01
144.002         	2.04739925e-01
144.202         	2.07687282e-01
144.402         	2.07687282e-01
144.602         	2.04990929e-01
144.802         	2.04990929e-01
145.002         	2.04990929e-01
145.202         	2.01912520e-01
145.402         	2.01912520e-01
145.602         	2.01101454e-01
145.802         	2.01101454e-01
146.002         	2.01101454e-01
146.202         	1.96911023e-01
146.402         	1.96911023e-01
146.602         	1.92473420e-01
146.802         	1.92473420e-01
147.002         	1.92473420e-01
147.202         	1.94136849e-01
147.402         	1.94136849e-01
147.602         	1.99388714e-01
147.802         	1.99388714e-01
148.002         	1.99388714e-01
148.202         	2.04305097e-01
148.402         	2.04305097e-01
148.602         	2.06893337e-01
148.802         	2.06893337e-01
149.002         	2.06893337e-01
149.202         	2.07961331e-01
149.402         	2.07961331e-01
149.602         	2.03987325e-01
149.802         	2.03987325e-01
150.002         	2.03987325e-01
150.202         	1.97654264e-01
150.402         	1.97654264e-01
150.602         	1.93860751e-01
150.802         	1.93860751e-01
151.002         	1.93860751e-01
151.202         	1.94084580e-01
151.402         	1.94084580e-01
151.602         	1.97698971e-01
151.802         	1.97698971e-01
152.002         	1.97698971e-01
152.202         	2.03715395e-01
152.402         	2.03715395e-01
152.602         	2.08919875e-01
152.802         	2.08919875e-01
153.002         	2.08919875e-01
153.202         	2.08371258e-01
153.402         	2.08371258e-01
153.602         	2.05388068e-01
153.802         	2.05388068e-01
154.002         	2.05388068e-01
154.202         	2.00455633e-01
154.402         	2.00455633e-01
154.602         	1.95336820e-01
154.802         	1.95336820e-01
155.002         	1.95336820e-01
155.202         	1.92043942e-01
155.402         	1.92043942e-01
155.602         	1.94613713e-01
155.802         	1.94613713e-01
156.002         	1.94613713e-01
156.202         	2.02069911e-01
156.402         	2.02069911e-01
156.602         	2.07975679e-01
156.802         	2.07975679e-01
157.002         	2.07975679e-01
157.202         	2.09319744e-01
157.402         	2.09319744e-01
157.602         	2.07962891e-01
157.802         	2.07962891e-01
158.002         	2.07962891e-01
158.202         	2.03590239e-01
158.402         	2.03590239e-01
158.602         	1.99952492e-01
158.802         	1.99952492e-01
159.002         	1.99952492e-01
159.202         	1.98678071e-01
159.402         	1.98678071e-01
159.602         	1.99677318e-01
159.802         	1.99677318e-01
160.002         	1.99677318e-01
160.202         	2.01352916e-01
160.402         	2.01352916e-01
160.602         	2.01776667e-01
160.802         	2.01776667e-01
161.002         	2.01776667e-01
161.202         	2.00676144e-01
161.402         	2.00676144e-01
161.602         	2.02241530e-01
161.802         	2.02241530e-01
162.002         	2.02241530e-01
162.202         	2.04768206e-01
162.402         	2.04768206e-01
162.602         	2.03480673e-01
162.802         	2.03480673e-01
163.002         	2.03480673e-01
163.202         	2.03994168e-01
163.402         	2.03994168e-01
163.602         	2.07681679e-01
163.802         	2.07681679e-01
164.002         	2.07681679e-01
164.202         	2.12261265e-01
164.402         	2.12261265e-01
164.602         	2.10834732e-01
164.802         	2.10834732e-01
165.002         	2.10834732e-01
165.202         	2.01467044e-01
165.402         	2.01467044e-01
165.602         	1.95502827e-01
165.802         	1.95502827e-01
166.002         	1.95502827e-01
166.202         	1.98150471e-01
166.402         	1.98150471e-01
166.602         	1.99415420e-01
166.802         	1.99415420e-01
167.002         	1.99415420e-01
167.202         	1.99917407e-01
167.402         	1.99917407e-01
167.602         	2.05184565e-01
167.802         	2.05184565e-01
168.002         	2.05184565e-01
168.202         	2.11747842e-01
168.402         	2.11747842e-01
168.602         	2.14620495e-01
168.802         	2.14620495e-01
169.002         	2.14620495e-01
169.202         	2.08570408e-01
169.402         	2.08570408e-01
169.602         	2.01776928e-01
169.802         	2.01776928e-01
170.002         	2.01776928e-01
170.202         	1.99433019e-01
170.402         	1.99433019e-01
170.602         	1.95063635e-01
170.802         	1.95063635e-01
171.002         	1.95063635e-01
171.202         	1.91815640e-01
171.402         	1.91815640e-01
171.602         	1.96142610e-01
171.802         	1.96142610e-01
172.002         	1.96142610e-01
172.202         	2.04803308e-01
172.402         	2.04803308e-01
172.602         	2.11532251e-01
172.802         	2.11532251e-01
173.002         	2.11532251e-01
173.202         	2.11556020e-01
173.402         	2.11556020e-01
173.602         	2.07029798e-01
173.802         	2.07029798e-01
174.002         	2.07029798e-01
174.202         	2.04249933e-01
174.402         	2.04249933e-01
174.602         	2.01754269e-01
174.802         	2.01754269e-01
175.002         	2.01754269e-01
175.202         	1.98757543e-01
175.402         	1.98757543e-01
175.602         	1.99889810e-01
175.802         	1.99889810e-01
176.002         	1.99889810e-01
176.202         	2.04846261e-01
176.402         	2.04846261e-01
176.602         	2.09375285e-01
176.802         	2.09375285e-01
177.002         	2.09375285e-01
177.202         	2.08628566e-01
177.402         	2.08628566e-01
177.602         	2.03796285e-01
177.802         	2.03796285e-01
178.002         	2.03796285e-01
178.202         	2.02412946e-01
178.402         	2.02412946e-01
178.602         	2.02005201e-01
178.802         	2.02005201e-01
179.002         	2.02005201e-01
179.202         	2.03788862e-01
179.402         	2.03788862e-01
179.602         	2.07195061e-01
179.802         	2.07195061e-01
180.002         	2.07195061e-01
180.202         	2.07795828e-01
180.402         	2.07795828e-01
180.602         	2.10196144e-01
180.802         	2.10196144e-01
181.002         	2.10196144e-01
181.202         	2.10109658e-01
181.402         	2.10109658e-01
181.602         	2.01684571e-01
181.802         	2.01684571e-01
182.002         	2.01684571e-01
182.202         	1.98787984e-01
182.402         	1.98787984e-01
182.602         	1.99065845e-01
182.802         	1.99065845e-01
183.002         	1.99065845e-01
183.202         	1.98812683e-01
183.402         	1.98812683e-01
183.602         	2.02755750e-01
183.802         	2.02755750e-01
184.002         	2.02755750e-01
184.202         	2.07853592e-01
184.402         	2.07853592e-01
184.602         	2.13115828e-01
184.802         	2.13115828e-01
185.002         	2.13115828e-01
185.202         	2.14083536e-01
185.402         	2.14083536e-01
185.602         	2.06203580e-01
185.802         	2.06203580e-01
186.002         	2.06203580e-01
186.202         	2.00672947e-01
186.402         	2.00672947e-01
186.602         	2.00341779e-01
186.802         	2.00341779e-01
187.002         	2.00341779e-01
187.202         	1.98635658e-01
187.402         	1.98635658e-01
187.602         	2.01852500e-01
187.802         	2.01852500e-01
188.002         	2.01852500e-01
188.202         	2.09009043e-01
188.402         	2.09009043e-01
188.602         	2.15047965e-01
188.802         	2.15047965e-01
189.002         	2.15047965e-01
189.202         	2.15735937e-01
189.402         	2.15735937e-01
189.602         	2.07699624e-01
189.802         	2.07699624e-01
190.002         	2.07699624e-01
190.202         	1.96795128e-01
190.402         	1.96795128e-01
190.602         	1.96319357e-01
190.802         	1.96319357e-01
191.002         	1.96319357e-01
191.202         	1.98821220e-01
191.402         	1.98821220e-01
191.602         	2.01543606e-01
191.802         	2.01543606e-01
192.002         	2.01543606e-01
192.202         	2.08752328e-01
192.402         	2.08752328e-01
192.602         	2.15910919e-01
192.802         	2.15910919e-01
193.002         	2.15910919e-01
193.202         	2.21374409e-01
193.402         	2.21374409e-01
193.602         	2.21023054e-01
193.802         	2.21023054e-01
194.002         	2.21023054e-01
194.202         	2.10558481e-01
194.402         	2.10558481e-01
194.602         	2.01640726e-01
194.802         	2.01640726e-01
195.002         	2.01640726e-01
195.202         	1.98990387e-01
195.402         	1.98990387e-01
195.602         	1.98221300e-01
195.802         	1.98221300e-01
196.002         	1.98221300e-01
196.202         	2.01763149e-01
196.402         	2.01763149e-01
196.602         	2.08242599e-01
196.802         	2.08242599e-01
197.002         	2.08242599e-01
197.202         	2.14715571e-01
197.402         	2.14715571e-01
197.602         	2.20239107e-01
197.802         	2.20239107e-01
198.002         	2.20239107e-01
198.202         	2.18516108e-01
198.402         	2.18516108e-01
198.602         	2.09969074e-01
198.802         	2.09969074e-01
199.002         	2.09969074e-01
199.202         	2.04914342e-01
199.402         	2.04914342e-01
199.602         	2.02729191e-01
199.802         	2.02729191e-01
200.002         	2.02729191e-01
200.202         	2.02213822e-01
200.402         	2.02213822e-01
200.602         	2.04357232e-01
200.802         	2.04357232e-01
201.002         	2.04357232e-01
201.202         	2.10359417e-01
201.402         	2.10359417e-01
201.602         	2.18931760e-01
201.802         	2.18931760e-01
202.002         	2.18931760e-01
202.202         	2.20802807e-01
202.402         	2.20802807e-01
202.602         	2.16782471e-01
202.802         	2.16782471e-01
203.002         	2.16782471e-01
203.202         	2.09692058e-01
203.402         	2.09692058e-01
203.602         	2.01928924e-01
203.802         	2.01928924e-01
204.002         	2.01928924e-01
204.202         	1.96405188e-01
204.402         	1.96405188e-01
204.602         	1.96151480e-01
204.802         	1.96151480e-01
205.002         	1.96151480e-01
205.202         	2.02260941e-01
205.402         	2.02260941e-01
205.602         	2.09877029e-01
205.802         	2.09877029e-01
206.002         	2.09877029e-01
206.202         	2.13281574e-01
206.402         	2.13281574e-01
206.602         	2.12599260e-01
206.802         	2.12599260e-01
207.002         	2.12599260e-01
207.202         	2.08971215e-01
207.402         	2.08971215e-01
207.602         	2.03577207e-01
207.802         	2.03577207e-01
208.002         	2.03577207e-01
208.202         	2.00189743e-01
208.402         	2.00189743e-01
208.602         	1.98896017e-01
208.802         	1.98896017e-01
209.002         	1.98896017e-01
209.202         	2.04660632e-01
209.402         	2.04660632e-01
209.602         	2.13711378e-01
209.802         	2.13711378e-01
210.002         	2.13711378e-01
210.202         	2.17428565e-01
210.402         	2.17428565e-01
210.602         	2.15517342e-01
210.802         	2.15517342e-01
211.002         	2.15517342e-01
211.202         	2.10992687e-01
211.402         	2.10992687e-01
211.602         	2.08768552e-01
211.802         	2.08768552e-01
212.002         	2.08768552e-01
212.202         	2.05229456e-01
212.402         	2.05229456e-01
212.602         	1.97157434e-01
212.802         	1.97157434e-01
213.002         	1.97157434e-01
213.202         	1.92830942e-01
213.402         	1.92830942e-01
213.602         	1.98159052e-01
213.802         	1.98159052e-01
214.002         	1.98159052e-01
214.202         	2.08715704e-01
214.402         	2.08715704e-01
214.602         	2.14808181e-01
214.802         	2.14808181e-01
215.002         	2.14808181e-01
215.202         	2.14738448e-01
215.402         	2.14738448e-01
215.602         	2.12238128e-01
215.802         	2.12238128e-01
216.002         	2.12238128e-01
216.202         	2.09573531e-01
216.402         	2.09573531e-01
216.602         	2.02542571e-01
216.802         	2.02542571e-01
217.002         	2.02542571e-01
217.202         	1.97409589e-01
217.402         	1.97409589e-01
217.602         	1.97907936e-01
217.802         	1.97907936e-01
218.002         	1.97907936e-01
218.202         	2.01893150e-01
218.402         	2.01893150e-01
218.602         	2.09238267e-01
218.802         	2.09238267e-01
219.002         	2.09238267e-01
219.202         	2.13986138e-01
219.402         	2.13986138e-01
219.602         	2.11027511e-01
219.802         	2.11027511e-01
220.002         	2.11027511e-01
220.202         	2.07317068e-01
220.402         	2.07317068e-01
220.602         	2.06760632e-01
220.802         	2.06760632e-01
221.002         	2.06760632e-01
221.202         	2.04362599e-01
221.402         	2.04362599e-01
221.602         	2.04093504e-01
221.802         	2.04093504e-01
222.002         	2.04093504e-01
222.202         	2.07636097e-01
222.402         	2.07636097e-01
222.602         	2.08414254e-01
222.802         	2.08414254e-01
223.002         	2.08414254e-01
223.202         	2.08846492e-01
223.402         	2.08846492e-01
223.602         	2.06660434e-01
223.802         	2.06660434e-01
224.002         	2.06660434e-01
224.202         	2.00612360e-01
224.402         	2.00612360e-01
224.602         	2.00337287e-01
224.802         	2.00337287e-01
225.002         	2.00337287e-01
225.202         	2.03830217e-01
225.402         	2.03830217e-01
225.602         	2.03535110e-01
225.802         	2.03535110e-01
226.002         	2.03535110e-01
226.202         	2.04109704e-01
226.402         	2.04109704e-01
226.602         	2.08339891e-01
226.802         	2.08339891e-01
227.002         	2.08339891e-01
227.202         	2.11928678e-01
227.402         	2.11928678e-01
227.602         	2.13099329e-01
227.802         	2.13099329e-01
228.002         	2.13099329e-01
228.202         	2.08463349e-01
228.402         	2.08463349e-01
228.602         	2.01342412e-01
228.802         	2.01342412e-01
229.002         	2.01342412e-01
229.202         	1.96562448e-01
229.402         	1.96562448e-01
229.602         	1.97830218e-01
229.802         	1.97830218e-01
230.002         	1.97830218e-01
230.202         	1.99006052e-01
230.402         	1.99006052e-01
230.602         	2.02615632e-01
230.802         	2.02615632e-01
231.002         	2.02615632e-01
231.202         	2.07601125e-01
231.402         	2.07601125e-01
231.602         	2.09684239e-01
231.802         	2.09684239e-01
232.002         	2.09684239e-01
232.202         	2.08599389e-01
232.402         	2.08599389e-01
232.602         	2.06621026e-01
232.802         	2.06621026e-01
233.002         	2.06621026e-01
233.202         	2.03359632e-01
233.402         	2.03359632e-01
233.602         	2.01699040e-01
233.802         	2.01699040e-01
234.002         	2.01699040e-01
234.202         	2.04082780e-01
234.402         	2.04082780e-01
234.602         	2.05648459e-01
234.802         	2.05648459e-01
235.002         	2.05648459e-01
235.202         	2.06568932e-01
235.402         	2.06568932e-01
235.602         	2.09476860e-01
235.802         	2.09476860e-01
236.002         	2.09476860e-01
236.202         	2.09789164e-01
236.402         	2.09789164e-01
236.602         	2.10827771e-01
236.802         	2.10827771e-01
237.002         	2.10827771e-01
237.202         	2.09268907e-01
237.402         	2.09268907e-01
237.602         	2.03691170e-01
237.802         	2.03691170e-01
238.002         	2.03691170e-01
238.202         	2.00598940e-01
238.402         	2.00598940e-01
238.602         	2.03103276e-01
238.802         	2.03103276e-01
239.002         	2.03103276e-01
239.202         	2.06596369e-01
239.402         	2.06596369e-01
239.602         	2.10193431e-01
239.802         	2.10193431e-01
240.002         	2.10193431e-01
240.202         	2.15391925e-01
240.402         	2.15391925e-01
240.602         	2.17099011e-01
240.802         	2.17099011e-01
241.002         	2.17099011e-01
241.202         	2.10812692e-01
241.402         	2.10812692e-01
241.602         	2.02967833e-01
241.802         	2.02967833e-01
242.002         	2.02967833e-01
242.202         	1.96689877e-01
242.402         	1.96689877e-01
242.602         	1.94886374e-01
242.802         	1.94886374e-01
243.002         	1.94886374e-01
243.202         	2.04382594e-01
243.402         	2.04382594e-01
243.602         	2.11568556e-01
243.802         	2.11568556e-01
244.002         	2.11568556e-01
244.202         	2.13826287e-01
244.402         	2.13826287e-01
244.602         	2.15933783e-01
244.802         	2.15933783e-01
245.002         	2.15933783e-01
245.202         	2.13907795e-01
245.402         	2.13907795e-01
245.602         	2.08357159e-01
245.802         	2.08357159e-01
246.002         	2.08357159e-01
246.202         	2.02682597e-01
246.402         	2.02682597e-01
246.602         	1.97924890e-01
246.802         	1.97924890e-01
247.002         	1.97924890e-01
247.202         	1.97549584e-01
247.402         	1.97549584e-01
247.602         	2.04331882e-01
247.802         	2.04331882e-01
248.002         	2.04331882e-01
248.202         	2.15248854e-01
248.402         	2.15248854e-01
248.602         	2.22284802e-01
248.802         	2.22284802e-01
249.002         	2.22284802e-01
249.202         	2.19020312e-01
249.402         	2.19020312e-01
249.602         	2.11369198e-01
249.802         	2.11369198e-01
250.002         	2.11369198e-01
250.202         	2.08825171e-01
250.402         	2.08825171e-01
250.602         	2.06574244e-01
250.802         	2.06574244e-01
251.002         	2.06574244e-01
251.202         	2.01104369e-01
251.402         	2.01104369e-01
251.602         	1.99350365e-01
251.802         	1.99350365e-01
252.002         	1.99350365e-01
252.202         	2.07455529e-01
252.402         	2.07455529e-01
252.602         	2.16752496e-01
252.802         	2.16752496e-01
253.002         	2.16752496e-01
253.202         	2.17169336e-01
253.402         	2.17169336e-01
253.602         	2.10093035e-01
253.802         	2.10093035e-01
254.002         	2.10093035e-01
254.202         	2.06024474e-01
254.402         	2.06024474e-01
254.602         	2.06775959e-01
254.802         	2.06775959e-01
255.002         	2.06775959e-01
255.202         	2.06804644e-01
255.402         	2.06804644e-01
255.602         	2.05453143e-01
255.802         	2.05453143e-01
256.002         	2.05453143e-01
256.202         	2.06175776e-01
256.402         	2.06175776e-01
256.602         	2.12754616e-01
256.802         	2.12754616e-01
257.002         	2.12754616e-01
257.202         	2.19118521e-01
257.402         	2.19118521e-01
257.602         	2.17587602e-01
257.802         	2.17587602e-01
258.002         	2.17587602e-01
258.202         	2.11188217e-01
258.402         	2.11188217e-01
258.602         	2.07413480e-01
258.802         	2.07413480e-01
259.002         	2.07413480e-01
259.202         	2.03206474e-01
259.402         	2.03206474e-01
259.602         	1.98483574e-01
259.802         	1.98483574e-01
260.002         	1.98483574e-01
260.202         	1.99018929e-01
260.402         	1.99018929e-01
260.602         	2.06335969e-01
260.802         	2.06335969e-01
261.002         	2.06335969e-01
261.202         	2.14100413e-01
261.402         	2.14100413e-01
261.602         	2.18567624e-01
261.802         	2.18567624e-01
262.002         	2.18567624e-01
262.202         	2.15014542e-01
262.402         	2.15014542e-01
262.602         	2.10322464e-01
262.802         	2.10322464e-01
263.002         	2.10322464e-01
263.202         	2.08364121e-01
263.402         	2.08364121e-01
263.602         	2.03826732e-01
263.802         	2.03826732e-01
264.002         	2.03826732e-01
264.202         	2.01536877e-01
264.402         	2.01536877e-01
264.602         	2.06080997e-01
264.802         	2.06080997e-01
265.002         	2.06080997e-01
265.202         	2.12614279e-01
265.402         	2.12614279e-01
265.602         	2.17210353e-01
265.802         	2.17210353e-01
266.002         	2.17210353e-01
266.202         	2.12592596e-01
266.402         	2.12592596e-01
266.602         	2.03402565e-01
266.802         	2.03402565e-01
267.002         	2.03402565e-01
267.202         	2.02997439e-01
267.402         	2.02997439e-01
267.602         	2.02773944e-01
267.802         	2.02773944e-01
268.002         	2.02773944e-01
268.202         	2.00304865e-01
268.402         	2.00304865e-01
268.602         	2.01885222e-01
268.802         	2.01885222e-01
269.002         	2.01885222e-01
269.202         	2.08546204e-01
269.402         	2.08546204e-01
269.602         	2.15696120e-01
269.802         	2.15696120e-01
270.002         	2.15696120e-01
270.202         	2.16532363e-01
270.402         	2.16532363e-01
270.602         	2.12423524e-01
270.802         	2.12423524e-01
271.002         	2.12423524e-01
271.202         	2.09073993e-01
271.402         	2.09073993e-01
271.602         	2.07921239e-01
271.802         	2.07921239e-01
272.002         	2.07921239e-01
272.202         	2.05545794e-01
272.402         	2.05545794e-01
272.602         	2.06460689e-01
272.802         	2.06460689e-01
273.002         	2.06460689e-01
273.202         	2.10423061e-01
273.402         	2.10423061e-01
273.602         	2.14857513e-01
273.802         	2.14857513e-01
274.002         	2.14857513e-01
274.202         	2.16054755e-01
274.402         	2.16054755e-01
274.602         	2.10569632e-01
274.802         	2.10569632e-01
275.002         	2.10569632e-01
275.202         	2.00687282e-01
275.402         	2.00687282e-01
275.602         	1.99599358e-01
275.802         	1.99599358e-01
276.002         	1.99599358e-01
276.202         	2.04030136e-01
276.402         	2.04030136e-01
276.602         	2.07658871e-01
276.802         	2.07658871e-01
277.002         	2.07658871e-01
277.202         	2.11586824e-01
277.402         	2.11586824e-01
277.602         	2.13964829e-01
277.802         	2.13964829e-01
278.002         	2.13964829e-01
278.202         	2.16020907e-01
278.402         	2.16020907e-01
278.602         	2.16842632e-01
278.802         	2.16842632e-01
279.002         	2.16842632e-01
279.202         	2.10697000e-01
279.402         	2.10697000e-01
279.602         	2.01137724e-01
279.802         	2.01137724e-01
280.002         	2.01137724e-01
280.202         	1.97546485e-01
280.402         	1.97546485e-01
280.602         	1.98287238e-01
280.802         	1.98287238e-01
281.002         	1.98287238e-01
281.202         	2.03325360e-01
281.402         	2.03325360e-01
281.602         	2.09779930e-01
281.802         	2.09779930e-01
282.002         	2.09779930e-01
282.202         	2.12509579e-01
282.402         	2.12509579e-01
282.602         	2.14538633e-01
282.802         	2.14538633e-01
283.002         	2.14538633e-01
283.202         	2.15823006e-01
283.402         	2.15823006e-01
283.602         	2.09119560e-01
283.802         	2.09119560e-01
284.002         	2.09119560e-01
284.202         	2.00691532e-01
284.402         	2.00691532e-01
284.602         	1.95694597e-01
284.802         	1.95694597e-01
285.002         	1.95694597e-01
285.202         	1.95662430e-01
285.402         	1.95662430e-01
285.602         	2.04400988e-01
285.802         	2.04400988e-01
286.002         	2.04400988e-01
286.202         	2.11966332e-01
286.402         	2.11966332e-01
286.602         	2.12565891e-01
286.802         	2.12565891e-01
287.002         	2.12565891e-01
287.202         	2.13078706e-01
287.402         	2.13078706e-01
287.602         	2.14140181e-01
287.802         	2.14140181e-01
288.002         	2.14140181e-01
288.202         	2.07372525e-01
288.402         	2.07372525e-01
288.602         	1.98018690e-01
288.802         	1.98018690e-01
289.002         	1.98018690e-01
289.202         	1.93177265e-01
289.402         	1.93177265e-01
289.602         	1.93560822e-01
289.802         	1.93560822e-01
290.002         	1.93560822e-01
290.202         	2.00078007e-01
290.402         	2.00078007e-01
290.602         	2.03420840e-01
290.802         	2.03420840e-01
291.002         	2.03420840e-01
291.202         	2.03457998e-01
291.402         	2.03457998e-01
291.602         	2.05755600e-01
291.802         	2.05755600e-01
292.002         	2.05755600e-01
292.202         	2.09054938e-01
292.402         	2.09054938e-01
292.602         	2.09053449e-01
292.802         	2.09053449e-01
293.002         	2.09053449e-01
293.202         	2.00720057e-01
293.402         	2.00720057e-01
293.602         	1.95410314e-01
293.802         	1.95410314e-01
294.002         	1.95410314e-01
294.202         	1.97921368e-01
294.402         	1.97921368e-01
294.602         	2.05567517e-01
294.802         	2.05567517e-01
295.002         	2.05567517e-01
295.202         	2.07634336e-01
295.402         	2.07634336e-01
295.602         	2.05110995e-01
295.802         	2.05110995e-01
296.002         	2.05110995e-01
296.202         	2.06432959e-01
296.402         	2.06432959e-01
296.602         	2.09657950e-01
296.802         	2.09657950e-01
297.002         	2.09657950e-01
297.202         	2.06588963e-01
297.402         	2.06588963e-01
297.602         	2.02386920e-01
297.802         	2.02386920e-01
298.002         	2.02386920e-01
298.202         	2.04020725e-01
298.402         	2.04020725e-01
298.602         	2.10487726e-01
298.802         	2.10487726e-01
299.002         	2.10487726e-01
299.202         	2.14207018e-01
299.402         	2.14207018e-01
299.602         	2.14098551e-01
299.802         	2.14098551e-01
300.002         	2.14098551e-01
