# Region type : faceZone OutSurface
# Faces  :      513
# Area   :      3.88750286e+01
# Time          	areaAverage(surfaceInterpolate(p))
0.002           
0.202           	0.00000000e+00
0.402           	0.00000000e+00
0.602           	-3.42374518e-02
0.802           	-3.42374518e-02
1.002           	-3.42374518e-02
1.202           	-1.14292552e-01
1.402           	-1.14292552e-01
1.602           	-1.61442108e-01
1.802           	-1.61442108e-01
2.002           	-1.61442108e-01
2.202           	-1.37427637e-01
2.402           	-1.37427637e-01
2.602           	-1.22008873e-01
2.802           	-1.22008873e-01
3.002           	-1.22008873e-01
3.202           	-1.02143360e-01
3.402           	-1.02143360e-01
3.602           	-9.17900203e-02
3.802           	-9.17900203e-02
4.002           	-9.17900203e-02
4.202           	-7.30276857e-02
4.402           	-7.30276857e-02
4.602           	-5.83639030e-02
4.802           	-5.83639030e-02
5.002           	-5.83639030e-02
5.202           	-5.84060840e-02
5.402           	-5.84060840e-02
5.602           	-5.49079403e-02
5.802           	-5.49079403e-02
6.002           	-5.49079403e-02
6.202           	-4.92079628e-02
6.402           	-4.92079628e-02
6.602           	-6.54938006e-02
6.802           	-6.54938006e-02
7.002           	-6.54938006e-02
7.202           	-6.61780175e-02
7.402           	-6.61780175e-02
7.602           	-7.11233765e-02
7.802           	-7.11233765e-02
8.002           	-7.11233765e-02
8.202           	-8.52021845e-02
8.402           	-8.52021845e-02
8.602           	-1.18840091e-01
8.802           	-1.18840091e-01
9.002           	-1.18840091e-01
9.202           	-1.63096228e-01
9.402           	-1.63096228e-01
9.602           	-2.41684559e-01
9.802           	-2.41684559e-01
10.002          	-2.41684559e-01
10.202          	-3.34057589e-01
10.402          	-3.34057589e-01
10.602          	-3.57014739e-01
10.802          	-3.57014739e-01
11.002          	-3.57014739e-01
11.202          	-3.24130007e-01
11.402          	-3.24130007e-01
11.602          	-3.17740368e-01
11.802          	-3.17740368e-01
12.002          	-3.17740368e-01
12.202          	-3.19855503e-01
12.402          	-3.19855503e-01
12.602          	-3.43716495e-01
12.802          	-3.43716495e-01
13.002          	-3.43716495e-01
13.202          	-3.47851585e-01
13.402          	-3.47851585e-01
13.602          	-3.21848915e-01
13.802          	-3.21848915e-01
14.002          	-3.21848915e-01
14.202          	-2.84901677e-01
14.402          	-2.84901677e-01
14.602          	-2.61035435e-01
14.802          	-2.61035435e-01
15.002          	-2.61035435e-01
15.202          	-2.77823079e-01
15.402          	-2.77823079e-01
15.602          	-3.15209381e-01
15.802          	-3.15209381e-01
16.002          	-3.15209381e-01
16.202          	-3.20678922e-01
16.402          	-3.20678922e-01
16.602          	-2.96026324e-01
16.802          	-2.96026324e-01
17.002          	-2.96026324e-01
17.202          	-2.65796733e-01
17.402          	-2.65796733e-01
17.602          	-2.39255818e-01
17.802          	-2.39255818e-01
18.002          	-2.39255818e-01
18.202          	-2.17934452e-01
18.402          	-2.17934452e-01
18.602          	-2.12108720e-01
18.802          	-2.12108720e-01
19.002          	-2.12108720e-01
19.202          	-2.26486379e-01
19.402          	-2.26486379e-01
19.602          	-2.41781435e-01
19.802          	-2.41781435e-01
20.002          	-2.41781435e-01
20.202          	-2.72419367e-01
20.402          	-2.72419367e-01
20.602          	-3.18827359e-01
20.802          	-3.18827359e-01
21.002          	-3.18827359e-01
21.202          	-3.50883531e-01
21.402          	-3.50883531e-01
21.602          	-3.66687485e-01
21.802          	-3.66687485e-01
22.002          	-3.66687485e-01
22.202          	-3.71440615e-01
22.402          	-3.71440615e-01
22.602          	-3.57612142e-01
22.802          	-3.57612142e-01
23.002          	-3.57612142e-01
23.202          	-3.28143207e-01
23.402          	-3.28143207e-01
23.602          	-3.00798261e-01
23.802          	-3.00798261e-01
24.002          	-3.00798261e-01
24.202          	-2.70544307e-01
24.402          	-2.70544307e-01
24.602          	-2.47077604e-01
24.802          	-2.47077604e-01
25.002          	-2.47077604e-01
25.202          	-2.41189725e-01
25.402          	-2.41189725e-01
25.602          	-2.50581039e-01
25.802          	-2.50581039e-01
26.002          	-2.50581039e-01
26.202          	-2.47416081e-01
26.402          	-2.47416081e-01
26.602          	-2.44872976e-01
26.802          	-2.44872976e-01
27.002          	-2.44872976e-01
27.202          	-2.52749695e-01
27.402          	-2.52749695e-01
27.602          	-2.57163420e-01
27.802          	-2.57163420e-01
28.002          	-2.57163420e-01
28.202          	-2.50860124e-01
28.402          	-2.50860124e-01
28.602          	-2.42471514e-01
28.802          	-2.42471514e-01
29.002          	-2.42471514e-01
29.202          	-2.38496732e-01
29.402          	-2.38496732e-01
29.602          	-2.29755659e-01
29.802          	-2.29755659e-01
30.002          	-2.29755659e-01
30.202          	-2.24990814e-01
30.402          	-2.24990814e-01
30.602          	-2.24395638e-01
30.802          	-2.24395638e-01
31.002          	-2.24395638e-01
31.202          	-2.14207047e-01
31.402          	-2.14207047e-01
31.602          	-2.05124222e-01
31.802          	-2.05124222e-01
32.002          	-2.05124222e-01
32.202          	-2.06508917e-01
32.402          	-2.06508917e-01
32.602          	-2.08697714e-01
32.802          	-2.08697714e-01
33.002          	-2.08697714e-01
33.202          	-2.01514604e-01
33.402          	-2.01514604e-01
33.602          	-1.89841716e-01
33.802          	-1.89841716e-01
34.002          	-1.89841716e-01
34.202          	-1.81115000e-01
34.402          	-1.81115000e-01
34.602          	-1.80460693e-01
34.802          	-1.80460693e-01
35.002          	-1.80460693e-01
35.202          	-1.84216397e-01
35.402          	-1.84216397e-01
35.602          	-1.78550753e-01
35.802          	-1.78550753e-01
36.002          	-1.78550753e-01
36.202          	-1.76222733e-01
36.402          	-1.76222733e-01
36.602          	-1.86778073e-01
36.802          	-1.86778073e-01
37.002          	-1.86778073e-01
37.202          	-2.02443091e-01
37.402          	-2.02443091e-01
37.602          	-2.11999108e-01
37.802          	-2.11999108e-01
38.002          	-2.11999108e-01
38.202          	-2.10439455e-01
38.402          	-2.10439455e-01
38.602          	-2.00576796e-01
38.802          	-2.00576796e-01
39.002          	-2.00576796e-01
39.202          	-1.92750896e-01
39.402          	-1.92750896e-01
39.602          	-1.95803231e-01
39.802          	-1.95803231e-01
40.002          	-1.95803231e-01
40.202          	-1.92753074e-01
40.402          	-1.92753074e-01
40.602          	-1.77919046e-01
40.802          	-1.77919046e-01
41.002          	-1.77919046e-01
41.202          	-1.73197686e-01
41.402          	-1.73197686e-01
41.602          	-1.85531570e-01
41.802          	-1.85531570e-01
42.002          	-1.85531570e-01
42.202          	-2.01914209e-01
42.402          	-2.01914209e-01
42.602          	-2.13214539e-01
42.802          	-2.13214539e-01
43.002          	-2.13214539e-01
43.202          	-2.12569558e-01
43.402          	-2.12569558e-01
43.602          	-2.02045803e-01
43.802          	-2.02045803e-01
44.002          	-2.02045803e-01
44.202          	-1.95334592e-01
44.402          	-1.95334592e-01
44.602          	-1.86173307e-01
44.802          	-1.86173307e-01
45.002          	-1.86173307e-01
45.202          	-1.65594669e-01
45.402          	-1.65594669e-01
45.602          	-1.54224877e-01
45.802          	-1.54224877e-01
46.002          	-1.54224877e-01
46.202          	-1.58764052e-01
46.402          	-1.58764052e-01
46.602          	-1.69846121e-01
46.802          	-1.69846121e-01
47.002          	-1.69846121e-01
47.202          	-1.83143658e-01
47.402          	-1.83143658e-01
47.602          	-1.90428304e-01
47.802          	-1.90428304e-01
48.002          	-1.90428304e-01
48.202          	-1.89136255e-01
48.402          	-1.89136255e-01
48.602          	-1.92705104e-01
48.802          	-1.92705104e-01
49.002          	-1.92705104e-01
49.202          	-1.94681451e-01
49.402          	-1.94681451e-01
49.602          	-1.82237531e-01
49.802          	-1.82237531e-01
50.002          	-1.82237531e-01
50.202          	-1.72639500e-01
50.402          	-1.72639500e-01
50.602          	-1.73502324e-01
50.802          	-1.73502324e-01
51.002          	-1.73502324e-01
51.202          	-1.81005687e-01
51.402          	-1.81005687e-01
51.602          	-1.89957230e-01
51.802          	-1.89957230e-01
52.002          	-1.89957230e-01
52.202          	-1.94652299e-01
52.402          	-1.94652299e-01
52.602          	-1.90600263e-01
52.802          	-1.90600263e-01
53.002          	-1.90600263e-01
53.202          	-1.80617223e-01
53.402          	-1.80617223e-01
53.602          	-1.76976680e-01
53.802          	-1.76976680e-01
54.002          	-1.76976680e-01
54.202          	-1.67727087e-01
54.402          	-1.67727087e-01
54.602          	-1.49354541e-01
54.802          	-1.49354541e-01
55.002          	-1.49354541e-01
55.202          	-1.38894053e-01
55.402          	-1.38894053e-01
55.602          	-1.47289798e-01
55.802          	-1.47289798e-01
56.002          	-1.47289798e-01
56.202          	-1.69996967e-01
56.402          	-1.69996967e-01
56.602          	-1.88014035e-01
56.802          	-1.88014035e-01
57.002          	-1.88014035e-01
57.202          	-1.90499909e-01
57.402          	-1.90499909e-01
57.602          	-1.86331214e-01
57.802          	-1.86331214e-01
58.002          	-1.86331214e-01
58.202          	-1.83685069e-01
58.402          	-1.83685069e-01
58.602          	-1.76207199e-01
58.802          	-1.76207199e-01
59.002          	-1.76207199e-01
59.202          	-1.61311008e-01
59.402          	-1.61311008e-01
59.602          	-1.50550408e-01
59.802          	-1.50550408e-01
60.002          	-1.50550408e-01
60.202          	-1.49534609e-01
60.402          	-1.49534609e-01
60.602          	-1.52050062e-01
60.802          	-1.52050062e-01
61.002          	-1.52050062e-01
61.202          	-1.54629945e-01
61.402          	-1.54629945e-01
61.602          	-1.58100330e-01
61.802          	-1.58100330e-01
62.002          	-1.58100330e-01
62.202          	-1.66507999e-01
62.402          	-1.66507999e-01
62.602          	-1.77463048e-01
62.802          	-1.77463048e-01
63.002          	-1.77463048e-01
63.202          	-1.89732923e-01
63.402          	-1.89732923e-01
63.602          	-1.88308043e-01
63.802          	-1.88308043e-01
64.002          	-1.88308043e-01
64.202          	-1.81948095e-01
64.402          	-1.81948095e-01
64.602          	-1.80866496e-01
64.802          	-1.80866496e-01
65.002          	-1.80866496e-01
65.202          	-1.79549218e-01
65.402          	-1.79549218e-01
65.602          	-1.78496155e-01
65.802          	-1.78496155e-01
66.002          	-1.78496155e-01
66.202          	-1.81681555e-01
66.402          	-1.81681555e-01
66.602          	-1.83835874e-01
66.802          	-1.83835874e-01
67.002          	-1.83835874e-01
67.202          	-1.87467900e-01
67.402          	-1.87467900e-01
67.602          	-1.92094270e-01
67.802          	-1.92094270e-01
68.002          	-1.92094270e-01
68.202          	-1.90892682e-01
68.402          	-1.90892682e-01
68.602          	-1.83420426e-01
68.802          	-1.83420426e-01
69.002          	-1.83420426e-01
69.202          	-1.79171954e-01
69.402          	-1.79171954e-01
69.602          	-1.80352470e-01
69.802          	-1.80352470e-01
70.002          	-1.80352470e-01
70.202          	-1.82427333e-01
70.402          	-1.82427333e-01
70.602          	-1.79311447e-01
70.802          	-1.79311447e-01
71.002          	-1.79311447e-01
71.202          	-1.74862687e-01
71.402          	-1.74862687e-01
71.602          	-1.68405485e-01
71.802          	-1.68405485e-01
72.002          	-1.68405485e-01
72.202          	-1.68856998e-01
72.402          	-1.68856998e-01
72.602          	-1.78241005e-01
72.802          	-1.78241005e-01
73.002          	-1.78241005e-01
73.202          	-1.85019119e-01
73.402          	-1.85019119e-01
73.602          	-1.88888147e-01
73.802          	-1.88888147e-01
74.002          	-1.88888147e-01
74.202          	-1.90635079e-01
74.402          	-1.90635079e-01
74.602          	-1.93993839e-01
74.802          	-1.93993839e-01
75.002          	-1.93993839e-01
75.202          	-1.96874480e-01
75.402          	-1.96874480e-01
75.602          	-1.93584588e-01
75.802          	-1.93584588e-01
76.002          	-1.93584588e-01
76.202          	-1.85655992e-01
76.402          	-1.85655992e-01
76.602          	-1.80759742e-01
76.802          	-1.80759742e-01
77.002          	-1.80759742e-01
77.202          	-1.81864236e-01
77.402          	-1.81864236e-01
77.602          	-1.78944180e-01
77.802          	-1.78944180e-01
78.002          	-1.78944180e-01
78.202          	-1.70699727e-01
78.402          	-1.70699727e-01
78.602          	-1.67695470e-01
78.802          	-1.67695470e-01
79.002          	-1.67695470e-01
79.202          	-1.72706332e-01
79.402          	-1.72706332e-01
79.602          	-1.75339181e-01
79.802          	-1.75339181e-01
80.002          	-1.75339181e-01
80.202          	-1.76254741e-01
80.402          	-1.76254741e-01
80.602          	-1.77010379e-01
80.802          	-1.77010379e-01
81.002          	-1.77010379e-01
81.202          	-1.76140659e-01
81.402          	-1.76140659e-01
81.602          	-1.78441318e-01
81.802          	-1.78441318e-01
82.002          	-1.78441318e-01
82.202          	-1.79438827e-01
82.402          	-1.79438827e-01
82.602          	-1.74239008e-01
82.802          	-1.74239008e-01
83.002          	-1.74239008e-01
83.202          	-1.62834939e-01
83.402          	-1.62834939e-01
83.602          	-1.53164748e-01
83.802          	-1.53164748e-01
84.002          	-1.53164748e-01
84.202          	-1.47958831e-01
84.402          	-1.47958831e-01
84.602          	-1.44934651e-01
84.802          	-1.44934651e-01
85.002          	-1.44934651e-01
85.202          	-1.41081114e-01
85.402          	-1.41081114e-01
85.602          	-1.38568745e-01
85.802          	-1.38568745e-01
86.002          	-1.38568745e-01
86.202          	-1.40739782e-01
86.402          	-1.40739782e-01
86.602          	-1.45043904e-01
86.802          	-1.45043904e-01
87.002          	-1.45043904e-01
87.202          	-1.46027543e-01
87.402          	-1.46027543e-01
87.602          	-1.48394490e-01
87.802          	-1.48394490e-01
88.002          	-1.48394490e-01
88.202          	-1.53961672e-01
88.402          	-1.53961672e-01
88.602          	-1.63919768e-01
88.802          	-1.63919768e-01
89.002          	-1.63919768e-01
89.202          	-1.70695658e-01
89.402          	-1.70695658e-01
89.602          	-1.74294154e-01
89.802          	-1.74294154e-01
90.002          	-1.74294154e-01
90.202          	-1.78869271e-01
90.402          	-1.78869271e-01
90.602          	-1.79438831e-01
90.802          	-1.79438831e-01
91.002          	-1.79438831e-01
91.202          	-1.72825088e-01
91.402          	-1.72825088e-01
91.602          	-1.62818905e-01
91.802          	-1.62818905e-01
92.002          	-1.62818905e-01
92.202          	-1.55030706e-01
92.402          	-1.55030706e-01
92.602          	-1.50792632e-01
92.802          	-1.50792632e-01
93.002          	-1.50792632e-01
93.202          	-1.50765794e-01
93.402          	-1.50765794e-01
93.602          	-1.55459030e-01
93.802          	-1.55459030e-01
94.002          	-1.55459030e-01
94.202          	-1.61962358e-01
94.402          	-1.61962358e-01
94.602          	-1.65379130e-01
94.802          	-1.65379130e-01
95.002          	-1.65379130e-01
95.202          	-1.65388868e-01
95.402          	-1.65388868e-01
95.602          	-1.62025869e-01
95.802          	-1.62025869e-01
96.002          	-1.62025869e-01
96.202          	-1.58127230e-01
96.402          	-1.58127230e-01
96.602          	-1.55712183e-01
96.802          	-1.55712183e-01
97.002          	-1.55712183e-01
97.202          	-1.58962537e-01
97.402          	-1.58962537e-01
97.602          	-1.63090579e-01
97.802          	-1.63090579e-01
98.002          	-1.63090579e-01
98.202          	-1.67526129e-01
98.402          	-1.67526129e-01
98.602          	-1.74343785e-01
98.802          	-1.74343785e-01
99.002          	-1.74343785e-01
99.202          	-1.78461401e-01
99.402          	-1.78461401e-01
99.602          	-1.82904840e-01
99.802          	-1.82904840e-01
100.002         	-1.82904840e-01
100.202         	-1.82070857e-01
100.402         	-1.82070857e-01
100.602         	-1.74440209e-01
100.802         	-1.74440209e-01
101.002         	-1.74440209e-01
101.202         	-1.61084703e-01
101.402         	-1.61084703e-01
101.602         	-1.51879490e-01
101.802         	-1.51879490e-01
102.002         	-1.51879490e-01
102.202         	-1.51600155e-01
102.402         	-1.51600155e-01
102.602         	-1.59899229e-01
102.802         	-1.59899229e-01
103.002         	-1.59899229e-01
103.202         	-1.69408328e-01
103.402         	-1.69408328e-01
103.602         	-1.74152004e-01
103.802         	-1.74152004e-01
104.002         	-1.74152004e-01
104.202         	-1.70960776e-01
104.402         	-1.70960776e-01
104.602         	-1.64641935e-01
104.802         	-1.64641935e-01
105.002         	-1.64641935e-01
105.202         	-1.57833713e-01
105.402         	-1.57833713e-01
105.602         	-1.52390310e-01
105.802         	-1.52390310e-01
106.002         	-1.52390310e-01
106.202         	-1.51037974e-01
106.402         	-1.51037974e-01
106.602         	-1.54878069e-01
106.802         	-1.54878069e-01
107.002         	-1.54878069e-01
107.202         	-1.63506833e-01
107.402         	-1.63506833e-01
107.602         	-1.73942847e-01
107.802         	-1.73942847e-01
108.002         	-1.73942847e-01
108.202         	-1.77901162e-01
108.402         	-1.77901162e-01
108.602         	-1.76576971e-01
108.802         	-1.76576971e-01
109.002         	-1.76576971e-01
109.202         	-1.74508769e-01
109.402         	-1.74508769e-01
109.602         	-1.69242484e-01
109.802         	-1.69242484e-01
110.002         	-1.69242484e-01
110.202         	-1.67317639e-01
110.402         	-1.67317639e-01
110.602         	-1.69558699e-01
110.802         	-1.69558699e-01
111.002         	-1.69558699e-01
111.202         	-1.70480531e-01
111.402         	-1.70480531e-01
111.602         	-1.71838240e-01
111.802         	-1.71838240e-01
112.002         	-1.71838240e-01
112.202         	-1.75246176e-01
112.402         	-1.75246176e-01
112.602         	-1.75930810e-01
112.802         	-1.75930810e-01
113.002         	-1.75930810e-01
113.202         	-1.67325975e-01
113.402         	-1.67325975e-01
113.602         	-1.58995873e-01
113.802         	-1.58995873e-01
114.002         	-1.58995873e-01
114.202         	-1.56078146e-01
114.402         	-1.56078146e-01
114.602         	-1.52247126e-01
114.802         	-1.52247126e-01
115.002         	-1.52247126e-01
115.202         	-1.46324729e-01
115.402         	-1.46324729e-01
115.602         	-1.40745283e-01
115.802         	-1.40745283e-01
116.002         	-1.40745283e-01
116.202         	-1.43090924e-01
116.402         	-1.43090924e-01
116.602         	-1.49354702e-01
116.802         	-1.49354702e-01
117.002         	-1.49354702e-01
117.202         	-1.49653817e-01
117.402         	-1.49653817e-01
117.602         	-1.46998843e-01
117.802         	-1.46998843e-01
118.002         	-1.46998843e-01
118.202         	-1.49774285e-01
118.402         	-1.49774285e-01
118.602         	-1.53461206e-01
118.802         	-1.53461206e-01
119.002         	-1.53461206e-01
119.202         	-1.57374731e-01
119.402         	-1.57374731e-01
119.602         	-1.63706644e-01
119.802         	-1.63706644e-01
120.002         	-1.63706644e-01
120.202         	-1.77694209e-01
120.402         	-1.77694209e-01
120.602         	-1.93429234e-01
120.802         	-1.93429234e-01
121.002         	-1.93429234e-01
121.202         	-2.03369411e-01
121.402         	-2.03369411e-01
121.602         	-2.01108016e-01
121.802         	-2.01108016e-01
122.002         	-2.01108016e-01
122.202         	-1.92279507e-01
122.402         	-1.92279507e-01
122.602         	-1.83542459e-01
122.802         	-1.83542459e-01
123.002         	-1.83542459e-01
123.202         	-1.73265459e-01
123.402         	-1.73265459e-01
123.602         	-1.61787698e-01
123.802         	-1.61787698e-01
124.002         	-1.61787698e-01
124.202         	-1.52131654e-01
124.402         	-1.52131654e-01
124.602         	-1.44836224e-01
124.802         	-1.44836224e-01
125.002         	-1.44836224e-01
125.202         	-1.52649211e-01
125.402         	-1.52649211e-01
125.602         	-1.59734559e-01
125.802         	-1.59734559e-01
126.002         	-1.59734559e-01
126.202         	-1.57881365e-01
126.402         	-1.57881365e-01
126.602         	-1.49513610e-01
126.802         	-1.49513610e-01
127.002         	-1.49513610e-01
127.202         	-1.45481429e-01
127.402         	-1.45481429e-01
127.602         	-1.45748351e-01
127.802         	-1.45748351e-01
128.002         	-1.45748351e-01
128.202         	-1.47463644e-01
128.402         	-1.47463644e-01
128.602         	-1.51948455e-01
128.802         	-1.51948455e-01
129.002         	-1.51948455e-01
129.202         	-1.50463303e-01
129.402         	-1.50463303e-01
129.602         	-1.50590857e-01
129.802         	-1.50590857e-01
130.002         	-1.50590857e-01
130.202         	-1.58799955e-01
130.402         	-1.58799955e-01
130.602         	-1.68519509e-01
130.802         	-1.68519509e-01
131.002         	-1.68519509e-01
131.202         	-1.77020159e-01
131.402         	-1.77020159e-01
131.602         	-1.82395376e-01
131.802         	-1.82395376e-01
132.002         	-1.82395376e-01
132.202         	-1.85059547e-01
132.402         	-1.85059547e-01
132.602         	-1.83492127e-01
132.802         	-1.83492127e-01
133.002         	-1.83492127e-01
133.202         	-1.71031112e-01
133.402         	-1.71031112e-01
133.602         	-1.55026056e-01
133.802         	-1.55026056e-01
134.002         	-1.55026056e-01
134.202         	-1.45381523e-01
134.402         	-1.45381523e-01
134.602         	-1.38109553e-01
134.802         	-1.38109553e-01
135.002         	-1.38109553e-01
135.202         	-1.35654003e-01
135.402         	-1.35654003e-01
135.602         	-1.30932323e-01
135.802         	-1.30932323e-01
136.002         	-1.30932323e-01
136.202         	-1.29079790e-01
136.402         	-1.29079790e-01
136.602         	-1.36841855e-01
136.802         	-1.36841855e-01
137.002         	-1.36841855e-01
137.202         	-1.43270938e-01
137.402         	-1.43270938e-01
137.602         	-1.48733458e-01
137.802         	-1.48733458e-01
138.002         	-1.48733458e-01
138.202         	-1.55729220e-01
138.402         	-1.55729220e-01
138.602         	-1.63063039e-01
138.802         	-1.63063039e-01
139.002         	-1.63063039e-01
139.202         	-1.69490836e-01
139.402         	-1.69490836e-01
139.602         	-1.73519752e-01
139.802         	-1.73519752e-01
140.002         	-1.73519752e-01
140.202         	-1.75052036e-01
140.402         	-1.75052036e-01
140.602         	-1.74990652e-01
140.802         	-1.74990652e-01
141.002         	-1.74990652e-01
141.202         	-1.69664447e-01
141.402         	-1.69664447e-01
141.602         	-1.60372191e-01
141.802         	-1.60372191e-01
142.002         	-1.60372191e-01
142.202         	-1.49478861e-01
142.402         	-1.49478861e-01
142.602         	-1.38769397e-01
142.802         	-1.38769397e-01
143.002         	-1.38769397e-01
143.202         	-1.29569687e-01
143.402         	-1.29569687e-01
143.602         	-1.29404387e-01
143.802         	-1.29404387e-01
144.002         	-1.29404387e-01
144.202         	-1.35866909e-01
144.402         	-1.35866909e-01
144.602         	-1.45377601e-01
144.802         	-1.45377601e-01
145.002         	-1.45377601e-01
145.202         	-1.55933810e-01
145.402         	-1.55933810e-01
145.602         	-1.65265504e-01
145.802         	-1.65265504e-01
146.002         	-1.65265504e-01
146.202         	-1.66444929e-01
146.402         	-1.66444929e-01
146.602         	-1.63890966e-01
146.802         	-1.63890966e-01
147.002         	-1.63890966e-01
147.202         	-1.60848392e-01
147.402         	-1.60848392e-01
147.602         	-1.63802663e-01
147.802         	-1.63802663e-01
148.002         	-1.63802663e-01
148.202         	-1.74738477e-01
148.402         	-1.74738477e-01
148.602         	-1.86266174e-01
148.802         	-1.86266174e-01
149.002         	-1.86266174e-01
149.202         	-1.93087865e-01
149.402         	-1.93087865e-01
149.602         	-1.89687801e-01
149.802         	-1.89687801e-01
150.002         	-1.89687801e-01
150.202         	-1.83846285e-01
150.402         	-1.83846285e-01
150.602         	-1.77684006e-01
150.802         	-1.77684006e-01
151.002         	-1.77684006e-01
151.202         	-1.71653346e-01
151.402         	-1.71653346e-01
151.602         	-1.63492503e-01
151.802         	-1.63492503e-01
152.002         	-1.63492503e-01
152.202         	-1.56900290e-01
152.402         	-1.56900290e-01
152.602         	-1.54441230e-01
152.802         	-1.54441230e-01
153.002         	-1.54441230e-01
153.202         	-1.51957562e-01
153.402         	-1.51957562e-01
153.602         	-1.46513868e-01
153.802         	-1.46513868e-01
154.002         	-1.46513868e-01
154.202         	-1.40210607e-01
154.402         	-1.40210607e-01
154.602         	-1.36157687e-01
154.802         	-1.36157687e-01
155.002         	-1.36157687e-01
155.202         	-1.31366312e-01
155.402         	-1.31366312e-01
155.602         	-1.29748042e-01
155.802         	-1.29748042e-01
156.002         	-1.29748042e-01
156.202         	-1.30632820e-01
156.402         	-1.30632820e-01
156.602         	-1.34112072e-01
156.802         	-1.34112072e-01
157.002         	-1.34112072e-01
157.202         	-1.36475713e-01
157.402         	-1.36475713e-01
157.602         	-1.40389115e-01
157.802         	-1.40389115e-01
158.002         	-1.40389115e-01
158.202         	-1.44789546e-01
158.402         	-1.44789546e-01
158.602         	-1.52483743e-01
158.802         	-1.52483743e-01
159.002         	-1.52483743e-01
159.202         	-1.62110594e-01
159.402         	-1.62110594e-01
159.602         	-1.66851801e-01
159.802         	-1.66851801e-01
160.002         	-1.66851801e-01
160.202         	-1.67204668e-01
160.402         	-1.67204668e-01
160.602         	-1.65359720e-01
160.802         	-1.65359720e-01
161.002         	-1.65359720e-01
161.202         	-1.62406919e-01
161.402         	-1.62406919e-01
161.602         	-1.62179957e-01
161.802         	-1.62179957e-01
162.002         	-1.62179957e-01
162.202         	-1.62792943e-01
162.402         	-1.62792943e-01
162.602         	-1.61379594e-01
162.802         	-1.61379594e-01
163.002         	-1.61379594e-01
163.202         	-1.56433279e-01
163.402         	-1.56433279e-01
163.602         	-1.51384184e-01
163.802         	-1.51384184e-01
164.002         	-1.51384184e-01
164.202         	-1.51469526e-01
164.402         	-1.51469526e-01
164.602         	-1.51278617e-01
164.802         	-1.51278617e-01
165.002         	-1.51278617e-01
165.202         	-1.45182948e-01
165.402         	-1.45182948e-01
165.602         	-1.41996810e-01
165.802         	-1.41996810e-01
166.002         	-1.41996810e-01
166.202         	-1.45312347e-01
166.402         	-1.45312347e-01
166.602         	-1.46604103e-01
166.802         	-1.46604103e-01
167.002         	-1.46604103e-01
167.202         	-1.46296201e-01
167.402         	-1.46296201e-01
167.602         	-1.51835870e-01
167.802         	-1.51835870e-01
168.002         	-1.51835870e-01
168.202         	-1.63734888e-01
168.402         	-1.63734888e-01
168.602         	-1.71668269e-01
168.802         	-1.71668269e-01
169.002         	-1.71668269e-01
169.202         	-1.69854099e-01
169.402         	-1.69854099e-01
169.602         	-1.62219827e-01
169.802         	-1.62219827e-01
170.002         	-1.62219827e-01
170.202         	-1.56135588e-01
170.402         	-1.56135588e-01
170.602         	-1.51165704e-01
170.802         	-1.51165704e-01
171.002         	-1.51165704e-01
171.202         	-1.46734236e-01
171.402         	-1.46734236e-01
171.602         	-1.47906280e-01
171.802         	-1.47906280e-01
172.002         	-1.47906280e-01
172.202         	-1.54400447e-01
172.402         	-1.54400447e-01
172.602         	-1.63643075e-01
172.802         	-1.63643075e-01
173.002         	-1.63643075e-01
173.202         	-1.71647915e-01
173.402         	-1.71647915e-01
173.602         	-1.73022615e-01
173.802         	-1.73022615e-01
174.002         	-1.73022615e-01
174.202         	-1.69640765e-01
174.402         	-1.69640765e-01
174.602         	-1.65402516e-01
174.802         	-1.65402516e-01
175.002         	-1.65402516e-01
175.202         	-1.58163392e-01
175.402         	-1.58163392e-01
175.602         	-1.50057750e-01
175.802         	-1.50057750e-01
176.002         	-1.50057750e-01
176.202         	-1.48440391e-01
176.402         	-1.48440391e-01
176.602         	-1.50183372e-01
176.802         	-1.50183372e-01
177.002         	-1.50183372e-01
177.202         	-1.50137642e-01
177.402         	-1.50137642e-01
177.602         	-1.48425966e-01
177.802         	-1.48425966e-01
178.002         	-1.48425966e-01
178.202         	-1.47184308e-01
178.402         	-1.47184308e-01
178.602         	-1.48201368e-01
178.802         	-1.48201368e-01
179.002         	-1.48201368e-01
179.202         	-1.48468820e-01
179.402         	-1.48468820e-01
179.602         	-1.48762458e-01
179.802         	-1.48762458e-01
180.002         	-1.48762458e-01
180.202         	-1.50170271e-01
180.402         	-1.50170271e-01
180.602         	-1.57635729e-01
180.802         	-1.57635729e-01
181.002         	-1.57635729e-01
181.202         	-1.66126252e-01
181.402         	-1.66126252e-01
181.602         	-1.63547040e-01
181.802         	-1.63547040e-01
182.002         	-1.63547040e-01
182.202         	-1.58840289e-01
182.402         	-1.58840289e-01
182.602         	-1.53206298e-01
182.802         	-1.53206298e-01
183.002         	-1.53206298e-01
183.202         	-1.44903005e-01
183.402         	-1.44903005e-01
183.602         	-1.37571217e-01
183.802         	-1.37571217e-01
184.002         	-1.37571217e-01
184.202         	-1.35512384e-01
184.402         	-1.35512384e-01
184.602         	-1.45307754e-01
184.802         	-1.45307754e-01
185.002         	-1.45307754e-01
185.202         	-1.55836920e-01
185.402         	-1.55836920e-01
185.602         	-1.55928572e-01
185.802         	-1.55928572e-01
186.002         	-1.55928572e-01
186.202         	-1.54414853e-01
186.402         	-1.54414853e-01
186.602         	-1.55853056e-01
186.802         	-1.55853056e-01
187.002         	-1.55853056e-01
187.202         	-1.52347719e-01
187.402         	-1.52347719e-01
187.602         	-1.48849918e-01
187.802         	-1.48849918e-01
188.002         	-1.48849918e-01
188.202         	-1.49873030e-01
188.402         	-1.49873030e-01
188.602         	-1.55930778e-01
188.802         	-1.55930778e-01
189.002         	-1.55930778e-01
189.202         	-1.62888422e-01
189.402         	-1.62888422e-01
189.602         	-1.62556274e-01
189.802         	-1.62556274e-01
190.002         	-1.62556274e-01
190.202         	-1.56674829e-01
190.402         	-1.56674829e-01
190.602         	-1.59547822e-01
190.802         	-1.59547822e-01
191.002         	-1.59547822e-01
191.202         	-1.62618960e-01
191.402         	-1.62618960e-01
191.602         	-1.60338710e-01
191.802         	-1.60338710e-01
192.002         	-1.60338710e-01
192.202         	-1.54749526e-01
192.402         	-1.54749526e-01
192.602         	-1.54687250e-01
192.802         	-1.54687250e-01
193.002         	-1.54687250e-01
193.202         	-1.60161667e-01
193.402         	-1.60161667e-01
193.602         	-1.63306697e-01
193.802         	-1.63306697e-01
194.002         	-1.63306697e-01
194.202         	-1.60368652e-01
194.402         	-1.60368652e-01
194.602         	-1.58137749e-01
194.802         	-1.58137749e-01
195.002         	-1.58137749e-01
195.202         	-1.59525958e-01
195.402         	-1.59525958e-01
195.602         	-1.56316575e-01
195.802         	-1.56316575e-01
196.002         	-1.56316575e-01
196.202         	-1.54591921e-01
196.402         	-1.54591921e-01
196.602         	-1.54391253e-01
196.802         	-1.54391253e-01
197.002         	-1.54391253e-01
197.202         	-1.59370372e-01
197.402         	-1.59370372e-01
197.602         	-1.69909471e-01
197.802         	-1.69909471e-01
198.002         	-1.69909471e-01
198.202         	-1.71360303e-01
198.402         	-1.71360303e-01
198.602         	-1.65318351e-01
198.802         	-1.65318351e-01
199.002         	-1.65318351e-01
199.202         	-1.62334513e-01
199.402         	-1.62334513e-01
199.602         	-1.59568271e-01
199.802         	-1.59568271e-01
200.002         	-1.59568271e-01
200.202         	-1.52039523e-01
200.402         	-1.52039523e-01
200.602         	-1.41795045e-01
200.802         	-1.41795045e-01
201.002         	-1.41795045e-01
201.202         	-1.37378148e-01
201.402         	-1.37378148e-01
201.602         	-1.44010954e-01
201.802         	-1.44010954e-01
202.002         	-1.44010954e-01
202.202         	-1.54278818e-01
202.402         	-1.54278818e-01
202.602         	-1.56817091e-01
202.802         	-1.56817091e-01
203.002         	-1.56817091e-01
203.202         	-1.56650335e-01
203.402         	-1.56650335e-01
203.602         	-1.58532995e-01
203.802         	-1.58532995e-01
204.002         	-1.58532995e-01
204.202         	-1.61652183e-01
204.402         	-1.61652183e-01
204.602         	-1.65461116e-01
204.802         	-1.65461116e-01
205.002         	-1.65461116e-01
205.202         	-1.66238062e-01
205.402         	-1.66238062e-01
205.602         	-1.61123254e-01
205.802         	-1.61123254e-01
206.002         	-1.61123254e-01
206.202         	-1.56129298e-01
206.402         	-1.56129298e-01
206.602         	-1.56729211e-01
206.802         	-1.56729211e-01
207.002         	-1.56729211e-01
207.202         	-1.60508809e-01
207.402         	-1.60508809e-01
207.602         	-1.60988229e-01
207.802         	-1.60988229e-01
208.002         	-1.60988229e-01
208.202         	-1.60049869e-01
208.402         	-1.60049869e-01
208.602         	-1.59405859e-01
208.802         	-1.59405859e-01
209.002         	-1.59405859e-01
209.202         	-1.60241356e-01
209.402         	-1.60241356e-01
209.602         	-1.61735402e-01
209.802         	-1.61735402e-01
210.002         	-1.61735402e-01
210.202         	-1.65401857e-01
210.402         	-1.65401857e-01
210.602         	-1.69753325e-01
210.802         	-1.69753325e-01
211.002         	-1.69753325e-01
211.202         	-1.77405365e-01
211.402         	-1.77405365e-01
211.602         	-1.84066690e-01
211.802         	-1.84066690e-01
212.002         	-1.84066690e-01
212.202         	-1.85693109e-01
212.402         	-1.85693109e-01
212.602         	-1.77173140e-01
212.802         	-1.77173140e-01
213.002         	-1.77173140e-01
213.202         	-1.66745522e-01
213.402         	-1.66745522e-01
213.602         	-1.60643658e-01
213.802         	-1.60643658e-01
214.002         	-1.60643658e-01
214.202         	-1.57144501e-01
214.402         	-1.57144501e-01
214.602         	-1.51678468e-01
214.802         	-1.51678468e-01
215.002         	-1.51678468e-01
215.202         	-1.47790994e-01
215.402         	-1.47790994e-01
215.602         	-1.47807724e-01
215.802         	-1.47807724e-01
216.002         	-1.47807724e-01
216.202         	-1.49522923e-01
216.402         	-1.49522923e-01
216.602         	-1.46722241e-01
216.802         	-1.46722241e-01
217.002         	-1.46722241e-01
217.202         	-1.42825994e-01
217.402         	-1.42825994e-01
217.602         	-1.40828689e-01
217.802         	-1.40828689e-01
218.002         	-1.40828689e-01
218.202         	-1.42453220e-01
218.402         	-1.42453220e-01
218.602         	-1.47531123e-01
218.802         	-1.47531123e-01
219.002         	-1.47531123e-01
219.202         	-1.48548047e-01
219.402         	-1.48548047e-01
219.602         	-1.46723611e-01
219.802         	-1.46723611e-01
220.002         	-1.46723611e-01
220.202         	-1.46809577e-01
220.402         	-1.46809577e-01
220.602         	-1.49100955e-01
220.802         	-1.49100955e-01
221.002         	-1.49100955e-01
221.202         	-1.48386437e-01
221.402         	-1.48386437e-01
221.602         	-1.44879090e-01
221.802         	-1.44879090e-01
222.002         	-1.44879090e-01
222.202         	-1.42914843e-01
222.402         	-1.42914843e-01
222.602         	-1.38825665e-01
222.802         	-1.38825665e-01
223.002         	-1.38825665e-01
223.202         	-1.38227147e-01
223.402         	-1.38227147e-01
223.602         	-1.35852729e-01
223.802         	-1.35852729e-01
224.002         	-1.35852729e-01
224.202         	-1.31645317e-01
224.402         	-1.31645317e-01
224.602         	-1.32377346e-01
224.802         	-1.32377346e-01
225.002         	-1.32377346e-01
225.202         	-1.33952974e-01
225.402         	-1.33952974e-01
225.602         	-1.31627980e-01
225.802         	-1.31627980e-01
226.002         	-1.31627980e-01
226.202         	-1.28065978e-01
226.402         	-1.28065978e-01
226.602         	-1.28735424e-01
226.802         	-1.28735424e-01
227.002         	-1.28735424e-01
227.202         	-1.37896783e-01
227.402         	-1.37896783e-01
227.602         	-1.50105997e-01
227.802         	-1.50105997e-01
228.002         	-1.50105997e-01
228.202         	-1.55450959e-01
228.402         	-1.55450959e-01
228.602         	-1.55240678e-01
228.802         	-1.55240678e-01
229.002         	-1.55240678e-01
229.202         	-1.56462002e-01
229.402         	-1.56462002e-01
229.602         	-1.57986559e-01
229.802         	-1.57986559e-01
230.002         	-1.57986559e-01
230.202         	-1.52938199e-01
230.402         	-1.52938199e-01
230.602         	-1.50570622e-01
230.802         	-1.50570622e-01
231.002         	-1.50570622e-01
231.202         	-1.55259129e-01
231.402         	-1.55259129e-01
231.602         	-1.59362136e-01
231.802         	-1.59362136e-01
232.002         	-1.59362136e-01
232.202         	-1.59746675e-01
232.402         	-1.59746675e-01
232.602         	-1.56775534e-01
232.802         	-1.56775534e-01
233.002         	-1.56775534e-01
233.202         	-1.49547100e-01
233.402         	-1.49547100e-01
233.602         	-1.42552875e-01
233.802         	-1.42552875e-01
234.002         	-1.42552875e-01
234.202         	-1.34835339e-01
234.402         	-1.34835339e-01
234.602         	-1.23313890e-01
234.802         	-1.23313890e-01
235.002         	-1.23313890e-01
235.202         	-1.17763419e-01
235.402         	-1.17763419e-01
235.602         	-1.25978616e-01
235.802         	-1.25978616e-01
236.002         	-1.25978616e-01
236.202         	-1.38472223e-01
236.402         	-1.38472223e-01
236.602         	-1.52257173e-01
236.802         	-1.52257173e-01
237.002         	-1.52257173e-01
237.202         	-1.61286324e-01
237.402         	-1.61286324e-01
237.602         	-1.64576570e-01
237.802         	-1.64576570e-01
238.002         	-1.64576570e-01
238.202         	-1.66692079e-01
238.402         	-1.66692079e-01
238.602         	-1.61979984e-01
238.802         	-1.61979984e-01
239.002         	-1.61979984e-01
239.202         	-1.51772012e-01
239.402         	-1.51772012e-01
239.602         	-1.49185828e-01
239.802         	-1.49185828e-01
240.002         	-1.49185828e-01
240.202         	-1.57586590e-01
240.402         	-1.57586590e-01
240.602         	-1.65973938e-01
240.802         	-1.65973938e-01
241.002         	-1.65973938e-01
241.202         	-1.69891428e-01
241.402         	-1.69891428e-01
241.602         	-1.67414470e-01
241.802         	-1.67414470e-01
242.002         	-1.67414470e-01
242.202         	-1.62720850e-01
242.402         	-1.62720850e-01
242.602         	-1.55091337e-01
242.802         	-1.55091337e-01
243.002         	-1.55091337e-01
243.202         	-1.50088401e-01
243.402         	-1.50088401e-01
243.602         	-1.39758545e-01
243.802         	-1.39758545e-01
244.002         	-1.39758545e-01
244.202         	-1.32037314e-01
244.402         	-1.32037314e-01
244.602         	-1.30722447e-01
244.802         	-1.30722447e-01
245.002         	-1.30722447e-01
245.202         	-1.28609855e-01
245.402         	-1.28609855e-01
245.602         	-1.29227991e-01
245.802         	-1.29227991e-01
246.002         	-1.29227991e-01
246.202         	-1.30636462e-01
246.402         	-1.30636462e-01
246.602         	-1.28629667e-01
246.802         	-1.28629667e-01
247.002         	-1.28629667e-01
247.202         	-1.26137820e-01
247.402         	-1.26137820e-01
247.602         	-1.27977319e-01
247.802         	-1.27977319e-01
248.002         	-1.27977319e-01
248.202         	-1.33908334e-01
248.402         	-1.33908334e-01
248.602         	-1.44209074e-01
248.802         	-1.44209074e-01
249.002         	-1.44209074e-01
249.202         	-1.49664798e-01
249.402         	-1.49664798e-01
249.602         	-1.49358146e-01
249.802         	-1.49358146e-01
250.002         	-1.49358146e-01
250.202         	-1.49541613e-01
250.402         	-1.49541613e-01
250.602         	-1.49636902e-01
250.802         	-1.49636902e-01
251.002         	-1.49636902e-01
251.202         	-1.46983181e-01
251.402         	-1.46983181e-01
251.602         	-1.45133390e-01
251.802         	-1.45133390e-01
252.002         	-1.45133390e-01
252.202         	-1.50485929e-01
252.402         	-1.50485929e-01
252.602         	-1.55295658e-01
252.802         	-1.55295658e-01
253.002         	-1.55295658e-01
253.202         	-1.52055110e-01
253.402         	-1.52055110e-01
253.602         	-1.43511893e-01
253.802         	-1.43511893e-01
254.002         	-1.43511893e-01
254.202         	-1.41187110e-01
254.402         	-1.41187110e-01
254.602         	-1.42303315e-01
254.802         	-1.42303315e-01
255.002         	-1.42303315e-01
255.202         	-1.40881399e-01
255.402         	-1.40881399e-01
255.602         	-1.37486796e-01
255.802         	-1.37486796e-01
256.002         	-1.37486796e-01
256.202         	-1.35848473e-01
256.402         	-1.35848473e-01
256.602         	-1.38371336e-01
256.802         	-1.38371336e-01
257.002         	-1.38371336e-01
257.202         	-1.39046506e-01
257.402         	-1.39046506e-01
257.602         	-1.30135770e-01
257.802         	-1.30135770e-01
258.002         	-1.30135770e-01
258.202         	-1.20569167e-01
258.402         	-1.20569167e-01
258.602         	-1.16008987e-01
258.802         	-1.16008987e-01
259.002         	-1.16008987e-01
259.202         	-1.14799297e-01
259.402         	-1.14799297e-01
259.602         	-1.14796107e-01
259.802         	-1.14796107e-01
260.002         	-1.14796107e-01
260.202         	-1.19250048e-01
260.402         	-1.19250048e-01
260.602         	-1.34369996e-01
260.802         	-1.34369996e-01
261.002         	-1.34369996e-01
261.202         	-1.52393899e-01
261.402         	-1.52393899e-01
261.602         	-1.62538278e-01
261.802         	-1.62538278e-01
262.002         	-1.62538278e-01
262.202         	-1.61137251e-01
262.402         	-1.61137251e-01
262.602         	-1.58859781e-01
262.802         	-1.58859781e-01
263.002         	-1.58859781e-01
263.202         	-1.57798323e-01
263.402         	-1.57798323e-01
263.602         	-1.55235507e-01
263.802         	-1.55235507e-01
264.002         	-1.55235507e-01
264.202         	-1.49754508e-01
264.402         	-1.49754508e-01
264.602         	-1.48821718e-01
264.802         	-1.48821718e-01
265.002         	-1.48821718e-01
265.202         	-1.54782536e-01
265.402         	-1.54782536e-01
265.602         	-1.61270532e-01
265.802         	-1.61270532e-01
266.002         	-1.61270532e-01
266.202         	-1.57646639e-01
266.402         	-1.57646639e-01
266.602         	-1.48243695e-01
266.802         	-1.48243695e-01
267.002         	-1.48243695e-01
267.202         	-1.42570070e-01
267.402         	-1.42570070e-01
267.602         	-1.36984960e-01
267.802         	-1.36984960e-01
268.002         	-1.36984960e-01
268.202         	-1.29729903e-01
268.402         	-1.29729903e-01
268.602         	-1.24586207e-01
268.802         	-1.24586207e-01
269.002         	-1.24586207e-01
269.202         	-1.30091543e-01
269.402         	-1.30091543e-01
269.602         	-1.46237572e-01
269.802         	-1.46237572e-01
270.002         	-1.46237572e-01
270.202         	-1.55818744e-01
270.402         	-1.55818744e-01
270.602         	-1.55473857e-01
270.802         	-1.55473857e-01
271.002         	-1.55473857e-01
271.202         	-1.52277042e-01
271.402         	-1.52277042e-01
271.602         	-1.52137246e-01
271.802         	-1.52137246e-01
272.002         	-1.52137246e-01
272.202         	-1.51260609e-01
272.402         	-1.51260609e-01
272.602         	-1.50546316e-01
272.802         	-1.50546316e-01
273.002         	-1.50546316e-01
273.202         	-1.54105581e-01
273.402         	-1.54105581e-01
273.602         	-1.62868564e-01
273.802         	-1.62868564e-01
274.002         	-1.62868564e-01
274.202         	-1.71468330e-01
274.402         	-1.71468330e-01
274.602         	-1.67485071e-01
274.802         	-1.67485071e-01
275.002         	-1.67485071e-01
275.202         	-1.56409678e-01
275.402         	-1.56409678e-01
275.602         	-1.53157595e-01
275.802         	-1.53157595e-01
276.002         	-1.53157595e-01
276.202         	-1.53843841e-01
276.402         	-1.53843841e-01
276.602         	-1.52070408e-01
276.802         	-1.52070408e-01
277.002         	-1.52070408e-01
277.202         	-1.50201045e-01
277.402         	-1.50201045e-01
277.602         	-1.51903481e-01
277.802         	-1.51903481e-01
278.002         	-1.51903481e-01
278.202         	-1.61833018e-01
278.402         	-1.61833018e-01
278.602         	-1.71859457e-01
278.802         	-1.71859457e-01
279.002         	-1.71859457e-01
279.202         	-1.72370454e-01
279.402         	-1.72370454e-01
279.602         	-1.64694935e-01
279.802         	-1.64694935e-01
280.002         	-1.64694935e-01
280.202         	-1.58615667e-01
280.402         	-1.58615667e-01
280.602         	-1.54905714e-01
280.802         	-1.54905714e-01
281.002         	-1.54905714e-01
281.202         	-1.48695600e-01
281.402         	-1.48695600e-01
281.602         	-1.43773310e-01
281.802         	-1.43773310e-01
282.002         	-1.43773310e-01
282.202         	-1.42384230e-01
282.402         	-1.42384230e-01
282.602         	-1.51048975e-01
282.802         	-1.51048975e-01
283.002         	-1.51048975e-01
283.202         	-1.61949965e-01
283.402         	-1.61949965e-01
283.602         	-1.63320503e-01
283.802         	-1.63320503e-01
284.002         	-1.63320503e-01
284.202         	-1.58107838e-01
284.402         	-1.58107838e-01
284.602         	-1.51629295e-01
284.802         	-1.51629295e-01
285.002         	-1.51629295e-01
285.202         	-1.42718911e-01
285.402         	-1.42718911e-01
285.602         	-1.33499216e-01
285.802         	-1.33499216e-01
286.002         	-1.33499216e-01
286.202         	-1.24136219e-01
286.402         	-1.24136219e-01
286.602         	-1.24612910e-01
286.802         	-1.24612910e-01
287.002         	-1.24612910e-01
287.202         	-1.37301855e-01
287.402         	-1.37301855e-01
287.602         	-1.52560961e-01
287.802         	-1.52560961e-01
288.002         	-1.52560961e-01
288.202         	-1.57412319e-01
288.402         	-1.57412319e-01
288.602         	-1.54231886e-01
288.802         	-1.54231886e-01
289.002         	-1.54231886e-01
289.202         	-1.50712134e-01
289.402         	-1.50712134e-01
289.602         	-1.46422374e-01
289.802         	-1.46422374e-01
290.002         	-1.46422374e-01
290.202         	-1.39197904e-01
290.402         	-1.39197904e-01
290.602         	-1.35384800e-01
290.802         	-1.35384800e-01
291.002         	-1.35384800e-01
291.202         	-1.42133023e-01
291.402         	-1.42133023e-01
291.602         	-1.58729210e-01
291.802         	-1.58729210e-01
292.002         	-1.58729210e-01
292.202         	-1.72897223e-01
292.402         	-1.72897223e-01
292.602         	-1.75377894e-01
292.802         	-1.75377894e-01
293.002         	-1.75377894e-01
293.202         	-1.65720263e-01
293.402         	-1.65720263e-01
293.602         	-1.54003454e-01
293.802         	-1.54003454e-01
294.002         	-1.54003454e-01
294.202         	-1.46399671e-01
294.402         	-1.46399671e-01
294.602         	-1.47578220e-01
294.802         	-1.47578220e-01
295.002         	-1.47578220e-01
295.202         	-1.48915931e-01
295.402         	-1.48915931e-01
295.602         	-1.47517347e-01
295.802         	-1.47517347e-01
296.002         	-1.47517347e-01
296.202         	-1.50090719e-01
296.402         	-1.50090719e-01
296.602         	-1.57481705e-01
296.802         	-1.57481705e-01
297.002         	-1.57481705e-01
297.202         	-1.58530792e-01
297.402         	-1.58530792e-01
297.602         	-1.53975179e-01
297.802         	-1.53975179e-01
298.002         	-1.53975179e-01
298.202         	-1.47723175e-01
298.402         	-1.47723175e-01
298.602         	-1.42847099e-01
298.802         	-1.42847099e-01
299.002         	-1.42847099e-01
299.202         	-1.39395342e-01
299.402         	-1.39395342e-01
299.602         	-1.40361321e-01
299.802         	-1.40361321e-01
300.002         	-1.40361321e-01
