#      distance         UMean_x         UMean_y         UMean_z
      1.0050251       1.0000137   0.00010864517    1.014012e-05
      2.0100503       1.0000582  -0.00042882982  -8.6766928e-05
      3.0150754       1.0000475  -0.00055980423  -8.4354885e-05
      4.0201005       1.0000083  -0.00038963584  -2.5502233e-05
      5.0251256      0.99997136   -0.0002200144  -1.5904079e-05
      6.0301508      0.99988927   -3.912776e-05   -4.094687e-05
      7.0351759      0.99983804   0.00053496487  -0.00012087603
       8.040201      0.99979043   0.00098321199  -0.00016864162
      9.0452261      0.99974064    0.0011274619  -0.00011047942
      10.050251       0.9997224   0.00049044247   4.4940575e-05
      11.055276      0.99971722  -0.00020853599   0.00014314247
      12.060302      0.99967986  -0.00031706919    0.0001307628
      13.065327      0.99961137  -0.00026002529   1.8159343e-05
      14.070352      0.99947066   0.00028524249  -6.9029884e-05
      15.075377      0.99936795    0.0009494572  -1.8786901e-05
      16.080402      0.99928311    0.0012435579   4.0521612e-05
      17.085427      0.99919118   0.00032845575   7.9570744e-05
      18.090452      0.99911955  -0.00065069215   3.4022295e-05
      19.095477       0.9990187   -0.0011673353  -0.00010919029
      20.100503      0.99894047   -0.0010592511   1.1118135e-05
      21.105528      0.99881997  -0.00014957759   0.00018959738
      22.110553      0.99881022  -0.00042808326   0.00032329269
      23.115578      0.99870529  -0.00056279211   0.00030660909
      24.120603       0.9983984  -0.00045795759   6.3643555e-05
      25.125628      0.99811156  -0.00034576904  -0.00011954437
      26.130653      0.99791243   -1.938427e-05  -9.5014179e-05
      27.135678      0.99776201   6.0454267e-05   0.00014939824
      28.140704      0.99764035   0.00018519183   0.00027615705
      29.145729      0.99751695   9.6198171e-05   0.00020303324
      30.150754      0.99723421   0.00027119186   2.2250787e-05
      31.155779      0.99695751   0.00096572386   4.3226353e-05
      32.160804      0.99673429     0.000933379   0.00014690114
      33.165829        0.996418   0.00017949206   0.00010376051
      34.170854      0.99611187   0.00067406004   2.2625896e-05
      35.175879      0.99582179    0.0015684141    -8.66045e-05
      36.180905      0.99555544   0.00085594517  -4.1987469e-05
       37.18593      0.99539776   0.00042403801   0.00011415941
      38.190955      0.99502016   0.00084200174   3.0844056e-05
       39.19598       0.9947083   0.00081916682  -0.00065865384
      40.201005      0.99429838   0.00032156675  -0.00041887573
       41.20603      0.99390553   0.00032638284  -0.00011389445
      42.211055      0.99322238   0.00085423858   0.00046144648
       43.21608      0.99272121   0.00014617144   9.3535474e-05
      44.221106      0.99221203   0.00056705657   0.00011416499
      45.226131      0.99183438  -0.00055266271  -0.00013444231
      46.231156      0.99129882  -0.00080940944  -0.00037975503
      47.236181      0.99076144   0.00020900875  -0.00049272963
      48.241206      0.99025149    0.0011509926  -0.00025547003
      49.246231       0.9896911    0.0014534523   0.00034400372
      50.251256      0.98920602   0.00067999288   0.00011637634
      51.256281      0.98808099   -0.0006207078    0.0003396511
      52.261307      0.98718762   8.6019223e-05   0.00010042544
      53.266332      0.98663899   -0.0015939872   0.00054681184
      54.271357      0.98601799   -0.0015984376   0.00067627943
      55.276382       0.9852371   -0.0013180831   0.00054646623
      56.281407      0.98435365  -8.0652105e-05    0.0004736397
      57.286432      0.98338096  -5.2715983e-05   0.00021990019
      58.291457      0.98239316  -0.00079641309   1.8694741e-05
      59.296482      0.98139519   -0.0015794699    0.0002962079
      60.301508      0.98039708   -0.0026161783   0.00017018541
      61.306533      0.97852368   -0.0077830511    0.0011625073
      62.311558      0.97693017   -0.0038931209    0.0022301429
      63.316583      0.97547724  -0.00057163052    0.0024755248
      64.321608      0.97454775   0.00013257614   4.9788515e-05
      65.326633      0.97274758    0.0025617852   0.00081481564
      66.331658      0.97086774     0.008307606  -0.00077346864
      67.336683      0.96939879    0.0063108662  -0.00084021602
      68.341709      0.96784811    0.0037074509   -0.0022868717
      69.346734      0.96612741    0.0012505041   -0.0012375659
      70.351759      0.96386342   -0.0018232919    0.0011599141
      71.356784      0.96161054   -0.0025621254   -0.0010858093
      72.361809      0.95897404  -0.00023014168   0.00088994287
      73.366834      0.95625501   -0.0043290479   0.00064214836
      74.371859      0.95141213    -0.002615207   0.00082459317
      75.376884       0.9487196   -0.0030684056    0.0025200825
       76.38191      0.94523766   -0.0037519371    0.0012973938
      77.386935      0.94064892   -0.0011830282    0.0025417822
       78.39196      0.93547213    0.0029357212     0.004823281
      79.396985      0.93034536   0.00048813901    0.0051242081
       80.40201      0.92546281  -0.00015785281    0.0052513948
      81.407035       0.9191754  -0.00013505012     0.003285811
       82.41206      0.91127501  -0.00059447141      0.00306428
      83.417085      0.90376185  -0.00041728939    0.0027014211
      84.422111      0.89474617  -0.00087357046    0.0035601453
      85.427136      0.88336294  -0.00076940006    0.0033308407
      86.432161      0.87092084  -0.00061474529    0.0033732661
      87.437186      0.85604725  -0.00039902285    0.0035480486
      88.442211      0.83831328  -0.00067093576    0.0034224555
      89.447236      0.81416498  -3.4494815e-05      0.00477945
      90.452261      0.78698146   0.00017825115    0.0044310888
      91.457286      0.75151775   0.00031154146    0.0041669239
      92.462312      0.69646782   0.00016497625    0.0028533507
      93.467337      0.55909129   0.00067670338    0.0018857357


      95.477387     -0.19405188     0.014948497    -0.019439261
      96.482412      0.15658942    -0.027046646   -0.0061131122
      97.487437      0.52200196    -0.018860446   -0.0066921874


      99.497487    0.0063891686    -0.023502969    0.0085061948
      100.50251      0.30077085    0.0025541101     0.018405184


      102.51256      0.06788154    -0.014757714   -0.0089242587
      103.51759      0.38715674    -0.016692197   0.00070221525
      104.52261      0.30958825    0.0014611087     0.022696685


      106.53266    -0.078725736  -0.00013161592     -0.02322157
      107.53769     0.052087678    -0.018808121    -0.014435884
      108.54271      0.18088428   -0.0056118981    -0.022232286
      109.54774      0.20531148   -0.0023968484   -0.0096687845
      110.55276      0.21814446   -0.0069018179  -0.00014030518
      111.55779      0.23244426   -0.0044826494   -0.0023359175
      112.56281       0.2339684   -0.0015609616  -0.00071202761
      113.56784      0.23146314    0.0011896103     0.002777114
      114.57286      0.22999702    0.0013487941    0.0062380771
      115.57789       0.2254316  -6.7045247e-05    0.0037762972
      116.58291      0.22681348   -0.0019283946    0.0014483478
      117.58794      0.22740302   -0.0028640122  -0.00040437425
      118.59296      0.22551567   -0.0035544024  -0.00088842779
      119.59799      0.22215927   1.8816945e-05   0.00037787534
      120.60302      0.21932799    0.0019103317     0.002563769
      121.60804      0.21441026    0.0035531662    0.0036523138
      122.61307      0.20470393    0.0050969933    0.0037776551
      123.61809      0.19488886     0.010856191   -0.0022869454
      124.62312      0.19357592     0.012784482   -0.0062389942
      125.62814      0.18665789     0.014127832   -0.0030754491
      126.63317      0.18337499     0.016132506   -0.0058934535
      127.63819      0.17286468     0.017571968    -0.005700353
      128.64322      0.17063602     0.018169754     0.006229214
      129.64824      0.17410769     0.013708054    0.0030413803
      130.65327      0.16709556     0.008286144   -0.0029670671
      131.65829      0.15113583     0.010555208   -0.0047133219
      132.66332      0.13293358     0.014240534   -0.0063018174
      133.66834      0.11304266    0.0089546718   -0.0062738182
      134.67337      0.10718028     -0.01642741    0.0052046958
      135.67839      0.11313081    -0.020789605    0.0031149145
      136.68342      0.11763575    -0.020782849    -0.011596855
      137.68844      0.11552724     0.002906053    -0.011365771
      138.69347     0.096932305     0.006368975    -0.008302153
      139.69849      0.10495074     0.010759806    -0.014926067
      140.70352      0.10295734    0.0059613051     -0.02008381
      141.70854      0.10999144     -0.01378648    -0.021514201
      142.71357      0.11314947    -0.013131298    -0.024180421
      143.71859      0.11657598    0.0075156569    -0.021827252
      144.72362        0.120736    0.0074876982    -0.031310509
      145.72864      0.11897198     0.010779542    -0.023727583
      146.73367       0.1305557     0.012073845    -0.015379965
      147.73869      0.13411456   -0.0085138673   -0.0054071967
      148.74372      0.15063535    -0.011485682    0.0010460442
      149.74874      0.17279832   -0.0053030912    0.0082426472
      150.75377      0.17706949   -0.0086656531      0.01290211
      151.75879      0.17517653    -0.011260583     0.010846815
      152.76382      0.18730199    -0.023248887     0.012116577
      153.76884      0.21351084    -0.027871625     0.017617519
      154.77387      0.24605184    -0.027498204    0.0094986382
      155.77889      0.26428818     -0.01217367   -0.0013238618
      156.78392      0.28021913   -0.0043646468    0.0059770979
      157.78894       0.2992918  -0.00044164215   0.00062412777
      158.79397      0.31757436   -0.0034935765   -0.0022822189
      159.79899      0.34264087    0.0015764862   -0.0018421239
      160.80402      0.35194736    0.0086360803   -0.0032096432
      161.80905       0.3692074     0.015158639   -0.0063693819
      162.81407       0.3874313     0.022871851      0.00380092
       163.8191      0.40106092     0.025724994    0.0048620746
      164.82412      0.41477319     0.021819582    0.0067525495
      165.82915      0.43494813     0.022317511    0.0017866304
      166.83417       0.4564959     0.019097244    0.0037864012
       167.8392      0.46281805     0.023428016    0.0040140039
      168.84422      0.46955824     0.013560692    0.0010700022
      169.84925      0.48027727    0.0080315056     0.001648837
      170.85427      0.49756495    0.0026507041   -0.0013188882
       171.8593      0.51983865    0.0059037315  -0.00085095936
      172.86432      0.53329196    0.0094722509    0.0018744198
      173.86935      0.53994759    0.0035638599    0.0042055859
      174.87437      0.55059474    0.0023337589    0.0042326354
       175.8794       0.5802384   0.00084896895    0.0056258676
      176.88442      0.60122855   -0.0053100801    0.0052344241
      177.88945      0.61302422   -0.0082300689    0.0033850849
      178.89447      0.62275894    -0.012428309    0.0035220183
       179.8995      0.62669176    -0.012271997    0.0024646282
      180.90452      0.64058814    -0.012373775    0.0014467228
      181.90955      0.64754143    -0.017497029    0.0065381122
      182.91457      0.65758362    -0.024688683     0.007548072
       183.9196      0.67723529    -0.022824292    0.0054666891
      184.92462      0.66894172    -0.025055412     0.004736653
      185.92965      0.67641719    -0.024220005  -0.00018197898
      186.93467      0.68466917     -0.02451992   8.2771798e-05
       187.9397      0.69302436    -0.020171189     0.000569947
      188.94472        0.701354    -0.015501896    0.0011958521
      189.94975      0.70542033    -0.013603127    0.0023294985
      190.95477       0.7047515    -0.010320025    0.0050649561
       191.9598      0.70871859     -0.00569106    0.0073001051
      192.96482      0.71049905    -0.003752481    0.0029435164
      193.96985      0.71667653   -0.0044019436   0.00034061111
      194.97487      0.72294052   -0.0018065393   -9.168153e-05
       195.9799      0.72024332    0.0056564535    0.0007673681
      196.98492        0.723927     0.007730441    0.0012012919
      197.98995      0.73403026     0.010679779    0.0012523885
      198.99497      0.74996826    0.0093334664   0.00063586558