#      distance         UMean_x         UMean_y         UMean_z
      1.0050251       1.0000166   0.00010920615   3.6917717e-06
      2.0100503       1.0000188   4.9911156e-05  -8.4065225e-06
      3.0150754       1.0000155   0.00019299494   1.6765947e-05
      4.0201005      0.99998377   0.00028931447   3.8712132e-05
      5.0251256      0.99994965   0.00030107215   4.6256642e-05
      6.0301508      0.99993507  -0.00035812934  -1.9522066e-06
      7.0351759      0.99991148  -0.00093438481  -2.3881535e-05
       8.040201       0.9998635   -0.0010580332  -2.8032722e-05
      9.0452261      0.99979856   -0.0007547685  -1.4311566e-05
      10.050251      0.99971312  -6.4969424e-05    1.089302e-05
      11.055276      0.99963637    0.0004250133   3.5925153e-05
      12.060302      0.99957473   0.00062191356   4.7058429e-05
      13.065327      0.99955126   0.00032310054    3.734221e-05
      14.070352      0.99949214   0.00016832208  -0.00020731427
      15.075377      0.99943067   5.8236485e-05  -0.00040941155
      16.080402      0.99934425  -3.2074205e-05  -0.00032557617
      17.085427      0.99923174    8.932067e-05  -7.4855489e-05
      18.090452      0.99914556   9.7087134e-05   0.00011887307
      19.095477      0.99900615   0.00021622738   0.00012109534
      20.100503      0.99888238   5.8609229e-05   0.00010045818
      21.105528      0.99869858    0.0010571362   0.00028948674
      22.110553      0.99853588    0.0014373395    0.0003832837
      23.115578       0.9984418   0.00089683718    0.0002650068
      24.120603       0.9983725   1.4416693e-05   6.3721084e-05
      25.125628      0.99822496  -0.00043624854   2.3302099e-05
      26.130653      0.99799957  -0.00062542652   2.4907715e-07
      27.135678      0.99782095  -0.00031147971   0.00040901531
      28.140704      0.99764436   -0.0002118762    0.0007227526
      29.145729      0.99745605  -0.00024971521   0.00055918587
      30.150754      0.99726038  -0.00017695116   9.8795899e-05
      31.155779      0.99698292  -0.00030087554   6.4892908e-05
      32.160804      0.99668093  -0.00017659675    3.871818e-05
      33.165829      0.99635011  -0.00097082449   0.00036589356
      34.170854      0.99602016   -0.0010761121   0.00048712079
      35.175879       0.9958234  -0.00058843796   0.00018786846
      36.180905      0.99562542    -0.000850659  -8.9290643e-05
       37.18593       0.9953289  -0.00099311448  -2.4664766e-05
      38.190955      0.99487432  -0.00073549404   0.00037873494
       39.19598      0.99440915  -0.00061073475   0.00082866321
      40.201005      0.99406855  -0.00010675703   0.00037694114
       41.20603       0.9937349   0.00060677149   0.00014995674
      42.211055      0.99325006    0.0011659362   8.5845913e-05
       43.21608      0.99281959   0.00049277032   7.5189308e-05
      44.221106       0.9923464   0.00067551915   0.00010224307
      45.226131      0.99187933    9.930715e-05   0.00039298235
      46.231156      0.99167729    0.0022613486   0.00069605621
      47.236181      0.99096935  -0.00038349032   0.00034731258
      48.241206      0.99054417  -0.00081224857   4.4680738e-05
      49.246231      0.99005627   -0.0015962567   9.8398161e-06
      50.251256       0.9893482  -0.00050571818   0.00036278982
      51.256281      0.98861783  -0.00046146589   0.00029873844
      52.261307      0.98816553   -0.0012690057  -0.00017586201
      53.266332      0.98725774   -0.0015835103   0.00034963047
      54.271357      0.98675154  -0.00048581751   0.00093792603
      55.276382      0.98552127  -0.00068822817  -0.00011387415
      56.281407      0.98446595  -0.00012547741  -0.00073964289
      57.286432      0.98371226   0.00097917179  -0.00063235851
      58.291457      0.98307516  -0.00056172988  -0.00083401876
      59.296482      0.98196614   -0.0035192731  -0.00048688574
      60.301508      0.98055267    0.0011361153  -3.6674061e-05
      61.306533      0.97878551    0.0045428391   0.00043836119
      62.311558      0.97738473    0.0011131252   0.00091468149
      63.316583       0.9762683    0.0007297062   0.00040706386
      64.321608      0.97479715    0.0028190465  -0.00086856487
      65.326633      0.97334192   -0.0010908776   5.0416364e-05
      66.331658      0.97150626    0.0044978077   0.00057066983
      67.336683      0.96954489   0.00090177603    0.0013673212
      68.341709      0.96743611   -0.0016566765    0.0023268055
      69.346734      0.96605889    0.0021358411    0.0024307584
      70.351759      0.96527966    -0.011967899   -0.0040848061
      71.356784      0.96180208    0.0040401856  -0.00055674968
      72.361809       0.9583626   -0.0017125464   -0.0044498487
      73.366834      0.95581444    -0.011167822   -0.0061058113
      74.371859      0.95275224   0.00068473025    0.0024426149
      75.376884      0.94867236   -0.0014481479    0.0052034662
       76.38191      0.94403269    0.0027375704  -0.00022493194
      77.386935      0.93836145   -0.0012686976   0.00092811455
       78.39196      0.93503958    0.0009696793    0.0018109969
      79.396985      0.92571979    0.0071862767   0.00082333371
       80.40201      0.92328955    -0.001285572   -0.0019433083
      81.407035      0.91869454    0.0021548329    0.0017025182
       82.41206      0.91065003  -0.00016595837   0.00017372485
      83.417085      0.90273686   -0.0019060234   0.00094647731
      84.422111      0.89298614  -0.00048699216   0.00091598859
      85.427136      0.88310107   0.00023597686   0.00047539513
      86.432161      0.86893596   0.00036630269    0.0011283514
      87.437186      0.85559866   -0.0010427609    0.0016875641
      88.442211      0.83689937   -3.189618e-05   0.00047825744
      89.447236      0.81489161    0.0027678031   0.00056087356
      90.452261      0.78788188      0.00208324   0.00024517239
      91.457286      0.75266412    0.0019076345   0.00039093301
      92.462312      0.69845247    0.0028798425     0.001097986
      93.467337      0.56789465   0.00095941947   0.00038091158


      95.477387     -0.21686471    0.0055120396   -0.0086550042
      96.482412      0.17866993    0.0035566105     0.015610193
      97.487437      0.56972531    0.0025599567     0.011775845


      99.497487     0.059117494    -0.023426541    -0.011934231
      100.50251      0.34957681    0.0031071103   -0.0069242163


      102.51256     0.003646756    -0.031181464    0.0015027463
      103.51759      0.37795864   -0.0081712823   0.00089070718
      104.52261      0.32252186   0.00082476544    -0.012753126


      106.53266     -0.11265664    -0.029673061   -0.0098952645
      107.53769      0.06760641  -0.00059668778     0.011689773
      108.54271      0.18351145      0.00476222   -0.0035380898
      109.54774      0.22133642     0.010276009    -0.011962613
      110.55276      0.23799743     0.010785968   -0.0060387811
      111.55779      0.24686068     0.011394231    -0.002234823
      112.56281      0.24881476    0.0090429965   0.00040448998
      113.56784       0.2500479     0.009682769  -0.00073965322
      114.57286      0.24374426    0.0053023357     -0.00195195
      115.57789      0.23934828    0.0050823417    0.0016693216
      116.58291      0.23940069   -0.0022280041    0.0025562519
      117.58794      0.23669761   -0.0039720379    0.0013405092
      118.59296      0.22976679   -0.0068696056  -0.00038171384
      119.59799      0.22311201   -0.0045943603    0.0029723145
      120.60302      0.21281353   -0.0021767479    0.0016039566
      121.60804      0.20950656   0.00030007686    0.0040319483
      122.61307      0.20568691    0.0016917172    0.0038250191
      123.61809      0.20654626    0.0032412609    0.0020971611
      124.62312      0.19613887    0.0012163856   -0.0052347907
      125.62814      0.17674231    0.0034020522   -0.0041798589
      126.63317      0.18435069     0.013270726   -0.0038575003
      127.63819      0.16984229     0.020092387   -0.0042794345
      128.64322      0.16934647     0.020666778    0.0020069801
      129.64824      0.15198943     0.017242493   -0.0012404599
      130.65327      0.14270432     0.017877923    0.0084223747
      131.65829      0.13573393      0.01847955    0.0051108729
      132.66332      0.12235198     0.018059824     0.001417143
      133.66834      0.12017766     0.014781524  -0.00079669278
      134.67337      0.11694629    0.0026448297   -0.0031309155
      135.67839      0.11974814   -0.0016617799    0.0031873647
      136.68342      0.11461189     -0.01442439   0.00016316548
      137.68844      0.11993306     0.002273361   -0.0039856048
      138.69347      0.10925323    0.0010395433    0.0041932688
      139.69849      0.10938287    0.0071813685    0.0029385553
      140.70352      0.12132339    -0.013445704    0.0066314548
      141.70854      0.10352709   -0.0091381248    -0.010035062
      142.71357     0.098628426    0.0063926088    0.0032936139
      143.71859     0.097956238    0.0018975312  -0.00068086747
      144.72362      0.10492844     0.024074696    0.0013443404
      145.72864      0.10184978     0.023446614   -0.0019573516
      146.73367       0.1064597     0.039281237   -0.0099566011
      147.73869      0.09725701     0.039679803   -0.0043416674
      148.74372      0.10597746     0.039378166    -0.012608232
      149.74874     0.093584011     0.051411446   -0.0043249138
      150.75377      0.10640445     0.039710556    -0.005547997
      151.75879      0.12382916    0.0079403772     0.011572189
      152.76382      0.14943352   -0.0059438583     0.019221569
      153.76884      0.14754597   -0.0062356023     0.010424274
      154.77387      0.17124986     0.014002844     0.010237108
      155.77889      0.18728127     0.018380254     0.015956548
      156.78392      0.20745516     0.011259826     0.027244122
      157.78894      0.23669244    0.0084907185     0.016226774
      158.79397      0.25066036    0.0044125919     0.016639677
      159.79899      0.24822465    0.0029688184   -0.0011401916
      160.80402      0.26210894    0.0055933645    0.0076188896
      161.80905      0.28011271    0.0038261015    0.0029271426
      162.81407      0.29592414     0.023680825    0.0081910899
       163.8191      0.31846682    0.0095398423    0.0013867072
      164.82412      0.33233498    0.0095985599   -0.0031016115
      165.82915      0.36619935    0.0087165304    0.0062627495
      166.83417      0.37600944    0.0032949244    0.0064481035
       167.8392      0.40729486    0.0089438777    0.0064128083
      168.84422      0.42651556     0.018656661    0.0086245943
      169.84925      0.43483972    0.0082893389    0.0011464573
      170.85427      0.44390589     0.012944971   -0.0013344447
       171.8593      0.45185563     0.032154979    0.0028975762
      172.86432      0.47708559     0.031556074    0.0024257403
      173.86935      0.48361655     0.027573422    0.0070321223
      174.87437      0.50208437     0.013632875    0.0035492353
       175.8794      0.52973263    0.0046808762  -0.00077674191
      176.88442      0.56621702  -0.00081699091    0.0051670915
      177.88945      0.56564282    0.0030136542    0.0021530708
      178.89447       0.5841313  -0.00067599377   -0.0097673465
       179.8995      0.58665741   -0.0055876291   -0.0062303375
      180.90452      0.59331013   -0.0065793014   -0.0042959376
      181.90955      0.60541141    -0.013475232   -0.0033930194
      182.91457      0.61689326    -0.017706979    0.0024016357
       183.9196      0.63661545     -0.02084084     0.001937061
      184.92462      0.65399586    -0.021331814    0.0032660358
      185.92965      0.66262001    -0.029438445   0.00024264287
      186.93467      0.66418425    -0.024508054     0.001496163
       187.9397      0.67959198    -0.023437819    0.0034595749
      188.94472      0.68603441    -0.016874893    0.0027188316
      189.94975      0.69815855    -0.016156467    0.0017752136
      190.95477      0.70451932    -0.015513711      0.00159131
       191.9598      0.71097212    -0.015256363    0.0015541338
      192.96482      0.71658991    -0.011569454   -0.0010338558
      193.96985      0.72139452    -0.012406488  -0.00085018173
      194.97487      0.73134172    -0.017170054    0.0015638438
       195.9799      0.73775943    -0.025225812    0.0038801269
      196.98492      0.74579392    -0.025562008    0.0039818479
      197.98995      0.75116589    -0.015283643    0.0014364822
      198.99497      0.76315215   -0.0089801426  -0.00091565755