#      distance         UMean_x         UMean_y         UMean_z
      1.0050251       1.0000005   2.6023387e-06   -2.559089e-06
      2.0100503       0.9999993   3.6406321e-05  -6.2160396e-06
      3.0150754      0.99998536   6.3599047e-05  -2.6377268e-05
      4.0201005      0.99997272   5.2532709e-05   -3.653774e-05
      5.0251256        0.999962   0.00010748842   -1.621031e-05
      6.0301508      0.99995054   6.6212011e-06  -1.9145128e-05
      7.0351759      0.99993251  -0.00013040099  -5.9098757e-05
       8.040201      0.99992484    5.527166e-05  -6.4994705e-06
      9.0452261       0.9999096   7.3279446e-05   -3.617322e-05
      10.050251      0.99988462   4.7189745e-05  -4.5966796e-05
      11.055276      0.99986245   8.0650139e-05  -5.4271261e-05
      12.060302      0.99982913   3.5661692e-05  -0.00011359641
      13.065327      0.99980102  -0.00012611572  -5.9289163e-05
      14.070352      0.99977103   9.4456389e-06   -6.233623e-05
      15.075377       0.9997297   0.00037479816  -0.00011362733
      16.080402      0.99967402   0.00028930873   6.1102557e-06
      17.085427       0.9996469   0.00023741762   4.5504245e-05
      18.090452      0.99960633   0.00010024252   1.9838725e-05
      19.095477      0.99956121   1.4136347e-05  -3.5745875e-05
      20.100503      0.99951215   0.00018036267  -9.3814242e-05
      21.105528      0.99943872   0.00020772439  -6.1473571e-05
      22.110553      0.99939513   7.2078033e-05  -6.5635256e-05
      23.115578      0.99933939  -0.00018494098  -1.5914127e-06
      24.120603      0.99927046  -0.00058109654   9.8962592e-05
      25.125628       0.9992145   -0.0006900844   5.8751158e-05
      26.130653      0.99913208   -0.0003370545   -2.437945e-05
      27.135678       0.9990457  -0.00010633726  -9.6837429e-05
      28.140704      0.99898512  -0.00017287843  -0.00016485347
      29.145729      0.99887586  -0.00067199763  -2.1427148e-05
      30.150754      0.99878739    -0.001162509   4.9233156e-05
      31.155779      0.99872044   -0.0011967858   3.6819774e-05
      32.160804      0.99858516  -0.00063168665  -3.1487688e-05
      33.165829      0.99850385  -0.00033606469  -7.2859296e-05
      34.170854      0.99841858  -0.00047675816  -4.5799241e-05
      35.175879      0.99819964  -0.00011595829   1.5890805e-05
      36.180905      0.99802071   0.00011959594  -6.3368882e-05
       37.18593      0.99793226  -5.7413219e-06   -0.0002185331
      38.190955      0.99781291   2.1341308e-05  -8.7910288e-05
       39.19598      0.99766509   0.00014552244   8.4003906e-06
      40.201005      0.99749501   0.00023311315  -2.8356329e-05
       41.20603      0.99725094   0.00042154809   0.00013265928
      42.211055      0.99707652   0.00042889567   0.00023766712
       43.21608      0.99694689   0.00030244512   0.00031759577
      44.221106      0.99676075   0.00012905561   0.00023520962
      45.226131      0.99644016  -9.3069465e-05  -0.00019867879
      46.231156      0.99629933  -0.00039948033  -0.00017091281
      47.236181      0.99609283  -0.00060388169   2.2763393e-05
      48.241206      0.99573576  -0.00077239909   0.00054180302
      49.246231      0.99552338  -0.00039268683   0.00039848616
      50.251256      0.99511996   8.3663412e-05    -7.19121e-05
      51.256281      0.99487836    0.0007054507  -0.00037531387
      52.261307       0.9946283    0.0011325799  -0.00049258235
      53.266332      0.99425192  -0.00016091197   0.00054298619
      54.271357      0.99387114  -0.00064697792   0.00055099224
      55.276382      0.99342517   0.00069995161  -0.00032734062
      56.281407      0.99301873    0.0014307644  -0.00042369007
      57.286432      0.99265025   0.00020032228   0.00045376603
      58.291457      0.99217678   4.5764448e-05   0.00045170219
      59.296482      0.99214555    0.0011533206   0.00053131442
      60.301508      0.99146903  -0.00026444288   0.00061396551
      61.306533      0.99105741  -0.00064259261   0.00042789221
      62.311558       0.9906751    0.0041985526  -0.00059683566
      63.316583      0.98994444    0.0024798514  -0.00065825111
      64.321608      0.98882893   -0.0024813503  -0.00091511788
      65.326633      0.98824829   -0.0012952719   -0.0005666377
      66.331658      0.98798366    0.0013586755  -0.00059167246
      67.336683      0.98695569  -0.00062383481  -0.00051298928
      68.341709      0.98592478   -0.0014345421  -0.00096921482
      69.346734      0.98479454   0.00010311131  -0.00041492362
      70.351759      0.98404868    0.0001059078  -0.00028404499
      71.356784      0.98268595  -0.00028282293   -0.0013321861
      72.361809       0.9818558   -0.0019061497  -0.00073297593
      73.366834      0.98055187   -0.0012339442  -0.00048416199
      74.371859      0.97919422   -0.0012315071  -0.00021625503
      75.376884      0.97753751  -0.00083852628  -0.00027905006
       76.38191      0.97581718   -0.0013445343  -0.00028163287
      77.386935       0.9744249  -0.00071849596  -0.00026013298
       78.39196      0.97263874  -0.00066472006  -0.00052539377
      79.396985      0.97041357  -0.00080184354  -0.00063095619
       80.40201      0.96782994  -0.00083101616  -0.00059237436
      81.407035      0.96494253  -0.00081946392  -0.00054388004
       82.41206      0.96168935  -0.00081777964  -0.00057482388
      83.417085      0.95792551  -0.00084009279  -0.00057361719
      84.422111      0.95359607  -0.00085645533  -0.00058259216
      85.427136      0.94853193  -0.00086617101  -0.00048150992
      86.432161      0.94261926  -0.00091639188  -0.00050491354
      87.437186       0.9354389   -0.0010070118  -0.00046393747
      88.442211      0.92660776   -0.0010222482  -0.00041015075
      89.447236       0.9154109  -0.00094391432   -0.0003796901
      90.452261      0.90062223  -0.00092954669  -0.00036710645
      91.457286       0.8774681  -5.9087378e-05    0.0013488992
      92.462312      0.83488134  -0.00076297486   0.00098680175
      93.467337      0.68974439    0.0051634862    0.0083199776


      95.477387     -0.23023312   -0.0083535172    -0.017288255
      96.482412      0.23273758   -0.0057221108   -0.0040137131
      97.487437      0.44476573   -0.0062285239   -0.0023119699
      98.492462      0.47541063    0.0010877978   -0.0019487087
      99.497487    0.0035817784   -0.0076941849  -0.00036620534


      100.50251   -0.0010299337    0.0014621648   -0.0016389462
      101.50754    -0.080054782    -0.001396904  -0.00057140371
      102.51256      0.13731774   -0.0043585423    0.0060799438
      103.51759      0.30299731    0.0011757813   0.00071514958
      104.52261      0.29617698    0.0093067095     0.003710772


      106.53266     0.028207409    0.0077254392     0.026408788
      107.53769      0.28321258   -0.0057044528     0.019023559
      108.54271      0.43958188    0.0039884632    0.0086658741
      109.54774      0.52691574  -0.00012575175     0.010327806
      110.55276      0.58512285    0.0045597236     0.010431974
      111.55779      0.63447705    0.0070517064    0.0097654146
      112.56281      0.67063913    0.0027111198    0.0076471878
      113.56784      0.69475012   -0.0031299381     0.005951939
      114.57286      0.70873357   -0.0077819001    0.0056101675
      115.57789      0.71734962   -0.0097145373    0.0037042982
      116.58291      0.72404686    -0.009555936   0.00083784628
      117.58794      0.73020426   -0.0086969399   -0.0012970586
      118.59296      0.73561388   -0.0080121121    -0.001915294
      119.59799      0.73959795   -0.0078512147   -0.0025238476
      120.60302      0.74183483   -0.0085197622   -0.0029749474
      121.60804      0.74359455   -0.0090749779   -0.0031757796
      122.61307      0.74487393   -0.0094499559   -0.0030632808
      123.61809      0.74608916   -0.0095725858   -0.0025664476
      124.62312      0.74746815   -0.0096097751   -0.0015691902
      125.62814      0.74898177   -0.0089831642  -0.00011666584
      126.63317      0.75050256   -0.0078783395   0.00093386315
      127.63819      0.75120748   -0.0072409318    0.0024703773
      128.64322      0.75169264   -0.0064902189    0.0032890543
      129.64824      0.75225256   -0.0058359754    0.0036506648
      130.65327      0.75239999   -0.0051265989    0.0039680729
      131.65829      0.75192997   -0.0047180408     0.004755551
      132.66332      0.75159664   -0.0040091805    0.0057807578
      133.66834      0.75178265   -0.0036026988    0.0067380823
      134.67337      0.75230645   -0.0033601897    0.0075306011
      135.67839      0.75332402   -0.0027615762     0.008181655
      136.68342      0.75451291   -0.0023438592    0.0084703109
      137.68844      0.75553916   -0.0019728742     0.008250531
      138.69347      0.75582592   -0.0016763433    0.0077637535
      139.69849       0.7563449   -0.0015743282    0.0073547022
      140.70352      0.75679494   -0.0013711676    0.0067925183
      141.70854      0.75697679   -0.0010789748    0.0064057523
      142.71357      0.75695836  -0.00081276331    0.0061934426
      143.71859      0.75711476  -0.00053827905     0.006168798
      144.72362      0.75727096  -0.00036738959    0.0060837514
      145.72864      0.75746246  -0.00027113295    0.0060912863
      146.73367      0.75781767  -0.00021055618    0.0055709518
      147.73869      0.75795791  -0.00037935662    0.0046181826
      148.74372      0.75791831  -0.00075299435    0.0039288829
      149.74874      0.75793969   -0.0010888423    0.0034607242
      150.75377      0.75808303   -0.0014195886    0.0028579434
      151.75879      0.75837935   -0.0016978719    0.0024418728
      152.76382      0.75861373   -0.0016141012    0.0023531734
      153.76884      0.75874629   -0.0014351405    0.0021006734
      154.77387      0.75873478   -0.0013113143    0.0016886737
      155.77889      0.75868876   -0.0011356405    0.0014017226
      156.78392      0.75883924   -0.0010089014    0.0012181536
      157.78894      0.75913506   -0.0010341522   0.00077354682
      158.79397      0.75927624   -0.0010649752   0.00042170299
      159.79899      0.75929917  -0.00095171972   0.00048966958
      160.80402      0.75938552  -0.00073531238   0.00059945038
      161.80905      0.75995751  -0.00051276683   0.00049725589
      162.81407      0.76078518  -0.00030020382   0.00039129388
       163.8191      0.76174582  -9.8963879e-05   0.00032475857
      164.82412      0.76298052   0.00011649463   0.00012727607
      165.82915      0.76440038   0.00019458565  -5.3209619e-05
      166.83417      0.76606803   0.00022908702  -0.00023778795
       167.8392      0.76787666   4.7682792e-05  -0.00030134096
      168.84422      0.76975104  -0.00024994811  -0.00027963051
      169.84925      0.77148451  -0.00050330227  -0.00030061557
      170.85427      0.77309369  -0.00063961624   -0.0003033076
       171.8593       0.7745173  -0.00080140315   -0.0001561979
      172.86432      0.77569797  -0.00088888378  -2.6250141e-05
      173.86935      0.77675956  -0.00089712748   0.00017359577
      174.87437      0.77763027   -0.0010589271    0.0002314719
       175.8794      0.77836125   -0.0012827759   0.00032157402
      176.88442      0.77902954   -0.0013555268   0.00048881091
      177.88945       0.7796865   -0.0014109688   0.00056219479
      178.89447      0.78031744   -0.0015131269   0.00062269288
       179.8995      0.78091132    -0.001502345    0.0007153133
      180.90452      0.78156176   -0.0015519835   0.00072042615
      181.90955      0.78206431   -0.0015247603   0.00069352853
      182.91457      0.78274535   -0.0012892195   0.00059851759
       183.9196      0.78341814   -0.0010846704   0.00046076682
      184.92462      0.78383744  -0.00080971438   0.00046979569
      185.92965      0.78469851  -0.00062863182   0.00033841156
      186.93467      0.78605805  -0.00015605791   0.00060224507
       187.9397      0.78648325   0.00046368687   0.00052506753
      188.94472      0.78705748   0.00013212155   0.00020202939
      189.94975      0.78589834   0.00041073171   0.00015067512
      190.95477      0.78638922   0.00075137659  -3.7955433e-05
       191.9598      0.79155173    0.0015414996  -0.00059920097
      192.96482      0.79126594    0.0011575235  -0.00041335876
      193.96985      0.78900374  -3.1365077e-05   3.6288739e-05
      194.97487      0.78855602  -0.00012664055   0.00027718938
       195.9799      0.79346099    0.0011183249  -0.00029185761
      196.98492      0.78770505   0.00023424207    0.0013366683
      197.98995      0.76888151   -0.0023243799    0.0039841199
      198.99497      0.78354642  -0.00067953409     0.001881241