# Region type : faceZone OutSurface
# Faces  :      514
# Area   :      4.06369499e+01
# Time          	areaAverage(surfaceInterpolate(p))
0.002           
0.042           	0.00000000e+00
0.178           	0.00000000e+00
0.338           	0.00000000e+00
0.532           	0.00000000e+00
0.732           	0.00000000e+00
0.932           	0.00000000e+00
1.132           	0.00000000e+00
1.332           	0.00000000e+00
1.532           	0.00000000e+00
1.732           	0.00000000e+00
1.932           	0.00000000e+00
2.132           	-1.31651681e-01
2.332           	-1.31651681e-01
2.532           	-1.31651681e-01
2.732           	-1.31651681e-01
2.932           	-1.31651681e-01
3.132           	-1.31651681e-01
3.332           	-1.31651681e-01
3.532           	-1.31651681e-01
3.732           	-1.31651681e-01
3.932           	-1.31651681e-01
4.132           	-5.12699669e-02
4.332           	-5.12699669e-02
4.532           	-5.12699669e-02
4.732           	-5.12699669e-02
4.932           	-5.12699669e-02
5.132           	-5.12699669e-02
5.332           	-5.12699669e-02
5.532           	-5.12699669e-02
5.732           	-5.12699669e-02
5.932           	-5.12699669e-02
6.132           	-2.45822129e-02
6.332           	-2.45822129e-02
6.532           	-2.45822129e-02
6.732           	-2.45822129e-02
6.932           	-2.45822129e-02
7.132           	-2.45822129e-02
7.332           	-2.45822129e-02
7.532           	-2.45822129e-02
7.732           	-2.45822129e-02
7.932           	-2.45822129e-02
8.132           	-6.83091683e-02
8.332           	-6.83091683e-02
8.532           	-6.83091683e-02
8.732           	-6.83091683e-02
8.932           	-6.83091683e-02
9.132           	-6.83091683e-02
9.332           	-6.83091683e-02
9.532           	-6.83091683e-02
9.732           	-6.83091683e-02
9.932           	-6.83091683e-02
10.132          	-1.02566315e-01
10.332          	-1.02566315e-01
10.532          	-1.02566315e-01
10.732          	-1.02566315e-01
10.932          	-1.02566315e-01
11.132          	-1.02566315e-01
11.332          	-1.02566315e-01
11.532          	-1.02566315e-01
11.732          	-1.02566315e-01
11.932          	-1.02566315e-01
12.132          	-1.37221377e-01
12.332          	-1.37221377e-01
12.532          	-1.37221377e-01
12.732          	-1.37221377e-01
12.932          	-1.37221377e-01
13.132          	-1.37221377e-01
13.332          	-1.37221377e-01
13.532          	-1.37221377e-01
13.732          	-1.37221377e-01
13.932          	-1.37221377e-01
14.132          	-1.99141647e-01
14.332          	-1.99141647e-01
14.532          	-1.99141647e-01
14.732          	-1.99141647e-01
14.932          	-1.99141647e-01
15.132          	-1.99141647e-01
15.332          	-1.99141647e-01
15.532          	-1.99141647e-01
15.732          	-1.99141647e-01
15.932          	-1.99141647e-01
16.132          	-1.69641540e-01
16.332          	-1.69641540e-01
16.532          	-1.69641540e-01
16.732          	-1.69641540e-01
16.932          	-1.69641540e-01
17.132          	-1.69641540e-01
17.332          	-1.69641540e-01
17.532          	-1.69641540e-01
17.732          	-1.69641540e-01
17.932          	-1.69641540e-01
18.132          	-2.22464116e-01
18.332          	-2.22464116e-01
18.532          	-2.22464116e-01
18.732          	-2.22464116e-01
18.932          	-2.22464116e-01
19.132          	-2.22464116e-01
19.332          	-2.22464116e-01
19.532          	-2.22464116e-01
19.732          	-2.22464116e-01
19.932          	-2.22464116e-01
20.132          	-1.66780044e-01
20.332          	-1.66780044e-01
20.532          	-1.66780044e-01
20.732          	-1.66780044e-01
20.932          	-1.66780044e-01
21.132          	-1.66780044e-01
21.332          	-1.66780044e-01
21.532          	-1.66780044e-01
21.732          	-1.66780044e-01
21.932          	-1.66780044e-01
22.132          	-1.67796646e-01
22.332          	-1.67796646e-01
22.532          	-1.67796646e-01
22.732          	-1.67796646e-01
22.932          	-1.67796646e-01
23.132          	-1.67796646e-01
23.332          	-1.67796646e-01
23.532          	-1.67796646e-01
23.732          	-1.67796646e-01
23.932          	-1.67796646e-01
24.132          	-2.29684807e-01
24.332          	-2.29684807e-01
24.532          	-2.29684807e-01
24.732          	-2.29684807e-01
24.932          	-2.29684807e-01
25.132          	-2.29684807e-01
25.332          	-2.29684807e-01
25.532          	-2.29684807e-01
25.732          	-2.29684807e-01
25.932          	-2.29684807e-01
26.132          	-1.75009959e-01
26.332          	-1.75009959e-01
26.532          	-1.75009959e-01
26.732          	-1.75009959e-01
26.932          	-1.75009959e-01
27.132          	-1.75009959e-01
27.332          	-1.75009959e-01
27.532          	-1.75009959e-01
27.732          	-1.75009959e-01
27.932          	-1.75009959e-01
28.132          	-1.58361462e-01
28.332          	-1.58361462e-01
28.532          	-1.58361462e-01
28.732          	-1.58361462e-01
28.932          	-1.58361462e-01
29.132          	-1.58361462e-01
29.332          	-1.58361462e-01
29.532          	-1.58361462e-01
29.732          	-1.58361462e-01
29.932          	-1.58361462e-01
30.132          	-1.63569757e-01
30.332          	-1.63569757e-01
30.532          	-1.63569757e-01
30.732          	-1.63569757e-01
30.932          	-1.63569757e-01
31.132          	-1.63569757e-01
31.332          	-1.63569757e-01
31.532          	-1.63569757e-01
31.732          	-1.63569757e-01
31.932          	-1.63569757e-01
32.132          	-1.58875102e-01
32.332          	-1.58875102e-01
32.532          	-1.58875102e-01
32.732          	-1.58875102e-01
32.932          	-1.58875102e-01
33.132          	-1.58875102e-01
33.332          	-1.58875102e-01
33.532          	-1.58875102e-01
33.732          	-1.58875102e-01
33.932          	-1.58875102e-01
34.132          	-1.49117938e-01
34.332          	-1.49117938e-01
34.532          	-1.49117938e-01
34.732          	-1.49117938e-01
34.932          	-1.49117938e-01
35.132          	-1.49117938e-01
35.332          	-1.49117938e-01
35.532          	-1.49117938e-01
35.732          	-1.49117938e-01
35.932          	-1.49117938e-01
36.132          	-1.43052700e-01
36.332          	-1.43052700e-01
36.532          	-1.43052700e-01
36.732          	-1.43052700e-01
36.932          	-1.43052700e-01
37.132          	-1.43052700e-01
37.332          	-1.43052700e-01
37.532          	-1.43052700e-01
37.732          	-1.43052700e-01
37.932          	-1.43052700e-01
38.132          	-1.45809320e-01
38.332          	-1.45809320e-01
38.532          	-1.45809320e-01
38.732          	-1.45809320e-01
38.932          	-1.45809320e-01
39.132          	-1.45809320e-01
39.332          	-1.45809320e-01
39.532          	-1.45809320e-01
39.732          	-1.45809320e-01
39.932          	-1.45809320e-01
40.132          	-1.43179232e-01
40.332          	-1.43179232e-01
40.532          	-1.43179232e-01
40.732          	-1.43179232e-01
40.932          	-1.43179232e-01
41.132          	-1.43179232e-01
41.332          	-1.43179232e-01
41.532          	-1.43179232e-01
41.732          	-1.43179232e-01
41.932          	-1.43179232e-01
42.132          	-1.35226438e-01
42.332          	-1.35226438e-01
42.532          	-1.35226438e-01
42.732          	-1.35226438e-01
42.932          	-1.35226438e-01
43.132          	-1.35226438e-01
43.332          	-1.35226438e-01
43.532          	-1.35226438e-01
43.732          	-1.35226438e-01
43.932          	-1.35226438e-01
44.132          	-1.39824890e-01
44.332          	-1.39824890e-01
44.532          	-1.39824890e-01
44.732          	-1.39824890e-01
44.932          	-1.39824890e-01
45.132          	-1.39824890e-01
45.332          	-1.39824890e-01
45.532          	-1.39824890e-01
45.732          	-1.39824890e-01
45.932          	-1.39824890e-01
46.132          	-1.54232798e-01
46.332          	-1.54232798e-01
46.532          	-1.54232798e-01
46.732          	-1.54232798e-01
46.932          	-1.54232798e-01
47.132          	-1.54232798e-01
47.332          	-1.54232798e-01
47.532          	-1.54232798e-01
47.732          	-1.54232798e-01
47.932          	-1.54232798e-01
48.132          	-1.46173285e-01
48.332          	-1.46173285e-01
48.532          	-1.46173285e-01
48.732          	-1.46173285e-01
48.932          	-1.46173285e-01
49.132          	-1.46173285e-01
49.332          	-1.46173285e-01
49.532          	-1.46173285e-01
49.732          	-1.46173285e-01
49.932          	-1.46173285e-01
50.132          	-1.27731288e-01
50.332          	-1.27731288e-01
50.532          	-1.27731288e-01
50.732          	-1.27731288e-01
50.932          	-1.27731288e-01
51.132          	-1.27731288e-01
51.332          	-1.27731288e-01
51.532          	-1.27731288e-01
51.732          	-1.27731288e-01
51.932          	-1.27731288e-01
52.132          	-1.42387030e-01
52.332          	-1.42387030e-01
52.532          	-1.42387030e-01
52.732          	-1.42387030e-01
52.932          	-1.42387030e-01
53.132          	-1.42387030e-01
53.332          	-1.42387030e-01
53.532          	-1.42387030e-01
53.732          	-1.42387030e-01
53.932          	-1.42387030e-01
54.132          	-1.45671874e-01
54.332          	-1.45671874e-01
54.532          	-1.45671874e-01
54.732          	-1.45671874e-01
54.932          	-1.45671874e-01
55.132          	-1.45671874e-01
55.332          	-1.45671874e-01
55.532          	-1.45671874e-01
55.732          	-1.45671874e-01
55.932          	-1.45671874e-01
56.132          	-1.30673789e-01
56.332          	-1.30673789e-01
56.532          	-1.30673789e-01
56.732          	-1.30673789e-01
56.932          	-1.30673789e-01
57.132          	-1.30673789e-01
57.332          	-1.30673789e-01
57.532          	-1.30673789e-01
57.732          	-1.30673789e-01
57.932          	-1.30673789e-01
58.132          	-1.50311705e-01
58.332          	-1.50311705e-01
58.532          	-1.50311705e-01
58.732          	-1.50311705e-01
58.932          	-1.50311705e-01
59.132          	-1.50311705e-01
59.332          	-1.50311705e-01
59.532          	-1.50311705e-01
59.732          	-1.50311705e-01
59.932          	-1.50311705e-01
60.132          	-1.16164384e-01
60.332          	-1.16164384e-01
60.532          	-1.16164384e-01
60.732          	-1.16164384e-01
60.932          	-1.16164384e-01
61.132          	-1.16164384e-01
61.332          	-1.16164384e-01
61.532          	-1.16164384e-01
61.732          	-1.16164384e-01
61.932          	-1.16164384e-01
62.132          	-1.39544923e-01
62.332          	-1.39544923e-01
62.532          	-1.39544923e-01
62.732          	-1.39544923e-01
62.932          	-1.39544923e-01
63.132          	-1.39544923e-01
63.332          	-1.39544923e-01
63.532          	-1.39544923e-01
63.732          	-1.39544923e-01
63.932          	-1.39544923e-01
64.132          	-1.30421685e-01
64.332          	-1.30421685e-01
64.532          	-1.30421685e-01
64.732          	-1.30421685e-01
64.932          	-1.30421685e-01
65.132          	-1.30421685e-01
65.332          	-1.30421685e-01
65.532          	-1.30421685e-01
65.732          	-1.30421685e-01
65.932          	-1.30421685e-01
66.132          	-1.27701194e-01
66.332          	-1.27701194e-01
66.532          	-1.27701194e-01
66.732          	-1.27701194e-01
66.932          	-1.27701194e-01
67.132          	-1.27701194e-01
67.332          	-1.27701194e-01
67.532          	-1.27701194e-01
67.732          	-1.27701194e-01
67.932          	-1.27701194e-01
68.132          	-1.31834066e-01
68.332          	-1.31834066e-01
68.532          	-1.31834066e-01
68.732          	-1.31834066e-01
68.932          	-1.31834066e-01
69.132          	-1.31834066e-01
69.332          	-1.31834066e-01
69.532          	-1.31834066e-01
69.732          	-1.31834066e-01
69.932          	-1.31834066e-01
70.132          	-1.19838286e-01
70.332          	-1.19838286e-01
70.532          	-1.19838286e-01
70.732          	-1.19838286e-01
70.932          	-1.19838286e-01
71.132          	-1.19838286e-01
71.332          	-1.19838286e-01
71.532          	-1.19838286e-01
71.732          	-1.19838286e-01
71.932          	-1.19838286e-01
72.132          	-1.32063895e-01
72.332          	-1.32063895e-01
72.532          	-1.32063895e-01
72.732          	-1.32063895e-01
72.932          	-1.32063895e-01
73.132          	-1.32063895e-01
73.332          	-1.32063895e-01
73.532          	-1.32063895e-01
73.732          	-1.32063895e-01
73.932          	-1.32063895e-01
74.132          	-1.34122473e-01
74.332          	-1.34122473e-01
74.532          	-1.34122473e-01
74.732          	-1.34122473e-01
74.932          	-1.34122473e-01
75.132          	-1.34122473e-01
75.332          	-1.34122473e-01
75.532          	-1.34122473e-01
75.732          	-1.34122473e-01
75.932          	-1.34122473e-01
76.132          	-1.24200347e-01
76.332          	-1.24200347e-01
76.532          	-1.24200347e-01
76.732          	-1.24200347e-01
76.932          	-1.24200347e-01
77.132          	-1.24200347e-01
77.332          	-1.24200347e-01
77.532          	-1.24200347e-01
77.732          	-1.24200347e-01
77.932          	-1.24200347e-01
78.132          	-1.30424102e-01
78.332          	-1.30424102e-01
78.532          	-1.30424102e-01
78.732          	-1.30424102e-01
78.932          	-1.30424102e-01
79.132          	-1.30424102e-01
79.332          	-1.30424102e-01
79.532          	-1.30424102e-01
79.732          	-1.30424102e-01
79.932          	-1.30424102e-01
80.132          	-1.21113543e-01
80.332          	-1.21113543e-01
80.532          	-1.21113543e-01
80.732          	-1.21113543e-01
80.932          	-1.21113543e-01
81.132          	-1.21113543e-01
81.332          	-1.21113543e-01
81.532          	-1.21113543e-01
81.732          	-1.21113543e-01
81.932          	-1.21113543e-01
82.132          	-1.21856735e-01
82.332          	-1.21856735e-01
82.532          	-1.21856735e-01
82.732          	-1.21856735e-01
82.932          	-1.21856735e-01
83.132          	-1.21856735e-01
83.332          	-1.21856735e-01
83.532          	-1.21856735e-01
83.732          	-1.21856735e-01
83.932          	-1.21856735e-01
84.132          	-1.09955744e-01
84.332          	-1.09955744e-01
84.532          	-1.09955744e-01
84.732          	-1.09955744e-01
84.932          	-1.09955744e-01
85.132          	-1.09955744e-01
85.332          	-1.09955744e-01
85.532          	-1.09955744e-01
85.732          	-1.09955744e-01
85.932          	-1.09955744e-01
86.132          	-1.17478417e-01
86.332          	-1.17478417e-01
86.532          	-1.17478417e-01
86.732          	-1.17478417e-01
86.932          	-1.17478417e-01
87.132          	-1.17478417e-01
87.332          	-1.17478417e-01
87.532          	-1.17478417e-01
87.732          	-1.17478417e-01
87.932          	-1.17478417e-01
88.132          	-1.41930054e-01
88.332          	-1.41930054e-01
88.532          	-1.41930054e-01
88.732          	-1.41930054e-01
88.932          	-1.41930054e-01
89.132          	-1.41930054e-01
89.332          	-1.41930054e-01
89.532          	-1.41930054e-01
89.732          	-1.41930054e-01
89.932          	-1.41930054e-01
90.132          	-1.19978217e-01
90.332          	-1.19978217e-01
90.532          	-1.19978217e-01
90.732          	-1.19978217e-01
90.932          	-1.19978217e-01
91.132          	-1.19978217e-01
91.332          	-1.19978217e-01
91.532          	-1.19978217e-01
91.732          	-1.19978217e-01
91.932          	-1.19978217e-01
92.132          	-1.28462168e-01
92.332          	-1.28462168e-01
92.532          	-1.28462168e-01
92.732          	-1.28462168e-01
92.932          	-1.28462168e-01
93.132          	-1.28462168e-01
93.332          	-1.28462168e-01
93.532          	-1.28462168e-01
93.732          	-1.28462168e-01
93.932          	-1.28462168e-01
94.132          	-1.17431960e-01
94.332          	-1.17431960e-01
94.532          	-1.17431960e-01
94.732          	-1.17431960e-01
94.932          	-1.17431960e-01
95.132          	-1.17431960e-01
95.332          	-1.17431960e-01
95.532          	-1.17431960e-01
95.732          	-1.17431960e-01
95.932          	-1.17431960e-01
96.132          	-1.14049221e-01
96.332          	-1.14049221e-01
96.532          	-1.14049221e-01
96.732          	-1.14049221e-01
96.932          	-1.14049221e-01
97.132          	-1.14049221e-01
97.332          	-1.14049221e-01
97.532          	-1.14049221e-01
97.732          	-1.14049221e-01
97.932          	-1.14049221e-01
98.132          	-1.24589073e-01
98.332          	-1.24589073e-01
98.532          	-1.24589073e-01
98.732          	-1.24589073e-01
98.932          	-1.24589073e-01
99.132          	-1.24589073e-01
99.332          	-1.24589073e-01
99.532          	-1.24589073e-01
99.732          	-1.24589073e-01
99.932          	-1.24589073e-01
100.132         	-1.10653645e-01
100.332         	-1.10653645e-01
100.532         	-1.10653645e-01
100.732         	-1.10653645e-01
100.932         	-1.10653645e-01
101.132         	-1.10653645e-01
101.332         	-1.10653645e-01
101.532         	-1.10653645e-01
101.732         	-1.10653645e-01
101.932         	-1.10653645e-01
102.132         	-1.16331090e-01
102.332         	-1.16331090e-01
102.532         	-1.16331090e-01
102.732         	-1.16331090e-01
102.932         	-1.16331090e-01
103.132         	-1.16331090e-01
103.332         	-1.16331090e-01
103.532         	-1.16331090e-01
103.732         	-1.16331090e-01
103.932         	-1.16331090e-01
104.132         	-1.19200616e-01
104.332         	-1.19200616e-01
104.532         	-1.19200616e-01
104.732         	-1.19200616e-01
104.932         	-1.19200616e-01
105.132         	-1.19200616e-01
105.332         	-1.19200616e-01
105.532         	-1.19200616e-01
105.732         	-1.19200616e-01
105.932         	-1.19200616e-01
106.132         	-1.42762835e-01
106.332         	-1.42762835e-01
106.532         	-1.42762835e-01
106.732         	-1.42762835e-01
106.932         	-1.42762835e-01
107.132         	-1.42762835e-01
107.332         	-1.42762835e-01
107.532         	-1.42762835e-01
107.732         	-1.42762835e-01
107.932         	-1.42762835e-01
108.132         	-1.26372727e-01
108.332         	-1.26372727e-01
108.532         	-1.26372727e-01
108.732         	-1.26372727e-01
108.932         	-1.26372727e-01
109.132         	-1.26372727e-01
109.332         	-1.26372727e-01
109.532         	-1.26372727e-01
109.732         	-1.26372727e-01
109.932         	-1.26372727e-01
110.132         	-1.22989588e-01
110.332         	-1.22989588e-01
110.532         	-1.22989588e-01
110.732         	-1.22989588e-01
110.932         	-1.22989588e-01
111.132         	-1.22989588e-01
111.332         	-1.22989588e-01
111.532         	-1.22989588e-01
111.732         	-1.22989588e-01
111.932         	-1.22989588e-01
112.132         	-1.39052676e-01
112.332         	-1.39052676e-01
112.532         	-1.39052676e-01
112.732         	-1.39052676e-01
112.932         	-1.39052676e-01
113.132         	-1.39052676e-01
113.332         	-1.39052676e-01
113.532         	-1.39052676e-01
113.732         	-1.39052676e-01
113.932         	-1.39052676e-01
114.132         	-1.18776241e-01
114.332         	-1.18776241e-01
114.532         	-1.18776241e-01
114.732         	-1.18776241e-01
114.932         	-1.18776241e-01
115.132         	-1.18776241e-01
115.332         	-1.18776241e-01
115.532         	-1.18776241e-01
115.732         	-1.18776241e-01
115.932         	-1.18776241e-01
116.132         	-1.20610606e-01
116.332         	-1.20610606e-01
116.532         	-1.20610606e-01
116.732         	-1.20610606e-01
116.932         	-1.20610606e-01
117.132         	-1.20610606e-01
117.332         	-1.20610606e-01
117.532         	-1.20610606e-01
117.732         	-1.20610606e-01
117.932         	-1.20610606e-01
118.132         	-1.15970364e-01
118.332         	-1.15970364e-01
118.532         	-1.15970364e-01
118.732         	-1.15970364e-01
118.932         	-1.15970364e-01
119.132         	-1.15970364e-01
119.332         	-1.15970364e-01
119.532         	-1.15970364e-01
119.732         	-1.15970364e-01
119.932         	-1.15970364e-01
120.132         	-1.14780704e-01
120.332         	-1.14780704e-01
120.532         	-1.14780704e-01
120.732         	-1.14780704e-01
120.932         	-1.14780704e-01
121.132         	-1.14780704e-01
121.332         	-1.14780704e-01
121.532         	-1.14780704e-01
121.732         	-1.14780704e-01
121.932         	-1.14780704e-01
122.132         	-1.08188539e-01
122.332         	-1.08188539e-01
122.532         	-1.08188539e-01
122.732         	-1.08188539e-01
122.932         	-1.08188539e-01
123.132         	-1.08188539e-01
123.332         	-1.08188539e-01
123.532         	-1.08188539e-01
123.732         	-1.08188539e-01
123.932         	-1.08188539e-01
124.132         	-1.10812103e-01
124.332         	-1.10812103e-01
124.532         	-1.10812103e-01
124.732         	-1.10812103e-01
124.932         	-1.10812103e-01
125.132         	-1.10812103e-01
125.332         	-1.10812103e-01
125.532         	-1.10812103e-01
125.732         	-1.10812103e-01
125.932         	-1.10812103e-01
126.132         	-1.19643220e-01
126.332         	-1.19643220e-01
126.532         	-1.19643220e-01
126.732         	-1.19643220e-01
126.932         	-1.19643220e-01
127.132         	-1.19643220e-01
127.332         	-1.19643220e-01
127.532         	-1.19643220e-01
127.732         	-1.19643220e-01
127.932         	-1.19643220e-01
128.132         	-1.12575486e-01
128.332         	-1.12575486e-01
128.532         	-1.12575486e-01
128.732         	-1.12575486e-01
128.932         	-1.12575486e-01
129.132         	-1.12575486e-01
129.332         	-1.12575486e-01
129.532         	-1.12575486e-01
129.732         	-1.12575486e-01
129.932         	-1.12575486e-01
130.132         	-1.30673195e-01
130.332         	-1.30673195e-01
130.532         	-1.30673195e-01
130.732         	-1.30673195e-01
130.932         	-1.30673195e-01
131.132         	-1.30673195e-01
131.332         	-1.30673195e-01
131.532         	-1.30673195e-01
131.732         	-1.30673195e-01
131.932         	-1.30673195e-01
132.132         	-1.22031194e-01
132.332         	-1.22031194e-01
132.532         	-1.22031194e-01
132.732         	-1.22031194e-01
132.932         	-1.22031194e-01
133.132         	-1.22031194e-01
133.332         	-1.22031194e-01
133.532         	-1.22031194e-01
133.732         	-1.22031194e-01
133.932         	-1.22031194e-01
134.132         	-1.04491075e-01
134.332         	-1.04491075e-01
134.532         	-1.04491075e-01
134.732         	-1.04491075e-01
134.932         	-1.04491075e-01
135.132         	-1.04491075e-01
135.332         	-1.04491075e-01
135.532         	-1.04491075e-01
135.732         	-1.04491075e-01
135.932         	-1.04491075e-01
136.132         	-1.23819432e-01
136.332         	-1.23819432e-01
136.532         	-1.23819432e-01
136.732         	-1.23819432e-01
136.932         	-1.23819432e-01
137.132         	-1.23819432e-01
137.332         	-1.23819432e-01
137.532         	-1.23819432e-01
137.732         	-1.23819432e-01
137.932         	-1.23819432e-01
138.132         	-1.07005760e-01
138.332         	-1.07005760e-01
138.532         	-1.07005760e-01
138.732         	-1.07005760e-01
138.932         	-1.07005760e-01
139.132         	-1.07005760e-01
139.332         	-1.07005760e-01
139.532         	-1.07005760e-01
139.732         	-1.07005760e-01
139.932         	-1.07005760e-01
140.132         	-1.15885475e-01
140.332         	-1.15885475e-01
140.532         	-1.15885475e-01
140.732         	-1.15885475e-01
140.932         	-1.15885475e-01
141.132         	-1.15885475e-01
141.332         	-1.15885475e-01
141.532         	-1.15885475e-01
141.732         	-1.15885475e-01
141.932         	-1.15885475e-01
142.132         	-1.27363964e-01
142.332         	-1.27363964e-01
142.532         	-1.27363964e-01
142.732         	-1.27363964e-01
142.932         	-1.27363964e-01
143.132         	-1.27363964e-01
143.332         	-1.27363964e-01
143.532         	-1.27363964e-01
143.732         	-1.27363964e-01
143.932         	-1.27363964e-01
144.132         	-1.11380749e-01
144.332         	-1.11380749e-01
144.532         	-1.11380749e-01
144.732         	-1.11380749e-01
144.932         	-1.11380749e-01
145.132         	-1.11380749e-01
145.332         	-1.11380749e-01
145.532         	-1.11380749e-01
145.732         	-1.11380749e-01
145.932         	-1.11380749e-01
146.132         	-1.05494856e-01
146.332         	-1.05494856e-01
146.532         	-1.05494856e-01
146.732         	-1.05494856e-01
146.932         	-1.05494856e-01
147.132         	-1.05494856e-01
147.332         	-1.05494856e-01
147.532         	-1.05494856e-01
147.732         	-1.05494856e-01
147.932         	-1.05494856e-01
148.132         	-1.15453895e-01
148.332         	-1.15453895e-01
148.532         	-1.15453895e-01
148.732         	-1.15453895e-01
148.932         	-1.15453895e-01
149.132         	-1.15453895e-01
149.332         	-1.15453895e-01
149.532         	-1.15453895e-01
149.732         	-1.15453895e-01
149.932         	-1.15453895e-01
150.132         	-1.18990896e-01
150.332         	-1.18990896e-01
150.532         	-1.18990896e-01
150.732         	-1.18990896e-01
150.932         	-1.18990896e-01
151.132         	-1.18990896e-01
151.332         	-1.18990896e-01
151.532         	-1.18990896e-01
151.732         	-1.18990896e-01
151.932         	-1.18990896e-01
152.132         	-9.60074840e-02
152.332         	-9.60074840e-02
152.532         	-9.60074840e-02
152.732         	-9.60074840e-02
152.932         	-9.60074840e-02
153.132         	-9.60074840e-02
153.332         	-9.60074840e-02
153.532         	-9.60074840e-02
153.732         	-9.60074840e-02
153.932         	-9.60074840e-02
154.132         	-1.03334983e-01
154.332         	-1.03334983e-01
154.532         	-1.03334983e-01
154.732         	-1.03334983e-01
154.932         	-1.03334983e-01
155.132         	-1.03334983e-01
155.332         	-1.03334983e-01
155.532         	-1.03334983e-01
155.732         	-1.03334983e-01
155.932         	-1.03334983e-01
156.132         	-1.20658950e-01
156.332         	-1.20658950e-01
156.532         	-1.20658950e-01
156.732         	-1.20658950e-01
156.932         	-1.20658950e-01
157.132         	-1.20658950e-01
157.332         	-1.20658950e-01
157.532         	-1.20658950e-01
157.732         	-1.20658950e-01
157.932         	-1.20658950e-01
158.132         	-9.92427273e-02
158.332         	-9.92427273e-02
158.532         	-9.92427273e-02
158.732         	-9.92427273e-02
158.932         	-9.92427273e-02
159.132         	-9.92427273e-02
159.332         	-9.92427273e-02
159.532         	-9.92427273e-02
159.732         	-9.92427273e-02
159.932         	-9.92427273e-02
160.132         	-9.12582871e-02
160.332         	-9.12582871e-02
160.532         	-9.12582871e-02
160.732         	-9.12582871e-02
160.932         	-9.12582871e-02
161.132         	-9.12582871e-02
161.332         	-9.12582871e-02
161.532         	-9.12582871e-02
161.732         	-9.12582871e-02
161.932         	-9.12582871e-02
162.132         	-1.08989503e-01
162.332         	-1.08989503e-01
162.532         	-1.08989503e-01
162.732         	-1.08989503e-01
162.932         	-1.08989503e-01
163.132         	-1.08989503e-01
163.332         	-1.08989503e-01
163.532         	-1.08989503e-01
163.732         	-1.08989503e-01
163.932         	-1.08989503e-01
164.132         	-1.19837614e-01
164.332         	-1.19837614e-01
164.532         	-1.19837614e-01
164.732         	-1.19837614e-01
164.932         	-1.19837614e-01
165.132         	-1.19837614e-01
165.332         	-1.19837614e-01
165.532         	-1.19837614e-01
165.732         	-1.19837614e-01
165.932         	-1.19837614e-01
166.132         	-1.07713689e-01
166.332         	-1.07713689e-01
166.532         	-1.07713689e-01
166.732         	-1.07713689e-01
166.932         	-1.07713689e-01
167.132         	-1.07713689e-01
167.332         	-1.07713689e-01
167.532         	-1.07713689e-01
167.732         	-1.07713689e-01
167.932         	-1.07713689e-01
168.132         	-1.14105305e-01
168.332         	-1.14105305e-01
168.532         	-1.14105305e-01
168.732         	-1.14105305e-01
168.932         	-1.14105305e-01
169.132         	-1.14105305e-01
169.332         	-1.14105305e-01
169.532         	-1.14105305e-01
169.732         	-1.14105305e-01
169.932         	-1.14105305e-01
170.132         	-1.26872880e-01
170.332         	-1.26872880e-01
170.532         	-1.26872880e-01
170.732         	-1.26872880e-01
170.932         	-1.26872880e-01
171.132         	-1.26872880e-01
171.332         	-1.26872880e-01
171.532         	-1.26872880e-01
171.732         	-1.26872880e-01
171.932         	-1.26872880e-01
172.132         	-9.90861502e-02
172.332         	-9.90861502e-02
172.532         	-9.90861502e-02
172.732         	-9.90861502e-02
172.932         	-9.90861502e-02
173.132         	-9.90861502e-02
173.332         	-9.90861502e-02
173.532         	-9.90861502e-02
173.732         	-9.90861502e-02
173.932         	-9.90861502e-02
174.132         	-1.21588460e-01
174.332         	-1.21588460e-01
174.532         	-1.21588460e-01
174.732         	-1.21588460e-01
174.932         	-1.21588460e-01
175.132         	-1.21588460e-01
175.332         	-1.21588460e-01
175.532         	-1.21588460e-01
175.732         	-1.21588460e-01
175.932         	-1.21588460e-01
176.132         	-1.29799437e-01
176.332         	-1.29799437e-01
176.532         	-1.29799437e-01
176.732         	-1.29799437e-01
176.932         	-1.29799437e-01
177.132         	-1.29799437e-01
177.332         	-1.29799437e-01
177.532         	-1.29799437e-01
177.732         	-1.29799437e-01
177.932         	-1.29799437e-01
178.132         	-1.09135284e-01
178.332         	-1.09135284e-01
178.532         	-1.09135284e-01
178.732         	-1.09135284e-01
178.932         	-1.09135284e-01
179.132         	-1.09135284e-01
179.332         	-1.09135284e-01
179.532         	-1.09135284e-01
179.732         	-1.09135284e-01
179.932         	-1.09135284e-01
180.132         	-1.18773857e-01
180.332         	-1.18773857e-01
180.532         	-1.18773857e-01
180.732         	-1.18773857e-01
180.932         	-1.18773857e-01
181.132         	-1.18773857e-01
181.332         	-1.18773857e-01
181.532         	-1.18773857e-01
181.732         	-1.18773857e-01
181.932         	-1.18773857e-01
182.132         	-1.22917103e-01
182.332         	-1.22917103e-01
182.532         	-1.22917103e-01
182.732         	-1.22917103e-01
182.932         	-1.22917103e-01
183.132         	-1.22917103e-01
183.332         	-1.22917103e-01
183.532         	-1.22917103e-01
183.732         	-1.22917103e-01
183.932         	-1.22917103e-01
184.132         	-1.05274488e-01
184.332         	-1.05274488e-01
184.532         	-1.05274488e-01
184.732         	-1.05274488e-01
184.932         	-1.05274488e-01
185.132         	-1.05274488e-01
185.332         	-1.05274488e-01
185.532         	-1.05274488e-01
185.732         	-1.05274488e-01
185.932         	-1.05274488e-01
186.132         	-9.36445508e-02
186.332         	-9.36445508e-02
186.532         	-9.36445508e-02
186.732         	-9.36445508e-02
186.932         	-9.36445508e-02
187.132         	-9.36445508e-02
187.332         	-9.36445508e-02
187.532         	-9.36445508e-02
187.732         	-9.36445508e-02
187.932         	-9.36445508e-02
188.132         	-1.11414542e-01
188.332         	-1.11414542e-01
188.532         	-1.11414542e-01
188.732         	-1.11414542e-01
188.932         	-1.11414542e-01
189.132         	-1.11414542e-01
189.332         	-1.11414542e-01
189.532         	-1.11414542e-01
189.732         	-1.11414542e-01
189.932         	-1.11414542e-01
190.132         	-1.19487067e-01
190.332         	-1.19487067e-01
190.532         	-1.19487067e-01
190.732         	-1.19487067e-01
190.932         	-1.19487067e-01
191.132         	-1.19487067e-01
191.332         	-1.19487067e-01
191.532         	-1.19487067e-01
191.732         	-1.19487067e-01
191.932         	-1.19487067e-01
192.132         	-9.07402108e-02
192.332         	-9.07402108e-02
192.532         	-9.07402108e-02
192.732         	-9.07402108e-02
192.932         	-9.07402108e-02
193.132         	-9.07402108e-02
193.332         	-9.07402108e-02
193.532         	-9.07402108e-02
193.732         	-9.07402108e-02
193.932         	-9.07402108e-02
194.132         	-1.16768981e-01
194.332         	-1.16768981e-01
194.532         	-1.16768981e-01
194.732         	-1.16768981e-01
194.932         	-1.16768981e-01
195.132         	-1.16768981e-01
195.332         	-1.16768981e-01
195.532         	-1.16768981e-01
195.732         	-1.16768981e-01
195.932         	-1.16768981e-01
196.132         	-1.20683795e-01
196.332         	-1.20683795e-01
196.532         	-1.20683795e-01
196.732         	-1.20683795e-01
196.932         	-1.20683795e-01
197.132         	-1.20683795e-01
197.332         	-1.20683795e-01
197.532         	-1.20683795e-01
197.732         	-1.20683795e-01
197.932         	-1.20683795e-01
198.132         	-1.06082634e-01
198.332         	-1.06082634e-01
198.532         	-1.06082634e-01
198.732         	-1.06082634e-01
198.932         	-1.06082634e-01
199.132         	-1.06082634e-01
199.332         	-1.06082634e-01
199.532         	-1.06082634e-01
199.732         	-1.06082634e-01
199.932         	-1.06082634e-01
200.132         	-1.03720771e-01
200.332         	-1.03720771e-01
200.532         	-1.03720771e-01
200.732         	-1.03720771e-01
200.932         	-1.03720771e-01
201.132         	-1.03720771e-01
201.332         	-1.03720771e-01
201.532         	-1.03720771e-01
201.732         	-1.03720771e-01
201.932         	-1.03720771e-01
202.132         	-1.17622570e-01
202.332         	-1.17622570e-01
202.532         	-1.17622570e-01
202.732         	-1.17622570e-01
202.932         	-1.17622570e-01
203.132         	-1.17622570e-01
203.332         	-1.17622570e-01
203.532         	-1.17622570e-01
203.732         	-1.17622570e-01
203.932         	-1.17622570e-01
204.132         	-1.38607796e-01
204.332         	-1.38607796e-01
204.532         	-1.38607796e-01
204.732         	-1.38607796e-01
204.932         	-1.38607796e-01
205.132         	-1.38607796e-01
205.332         	-1.38607796e-01
205.532         	-1.38607796e-01
205.732         	-1.38607796e-01
205.932         	-1.38607796e-01
206.132         	-1.07044030e-01
206.332         	-1.07044030e-01
206.532         	-1.07044030e-01
206.732         	-1.07044030e-01
206.932         	-1.07044030e-01
207.132         	-1.07044030e-01
207.332         	-1.07044030e-01
207.532         	-1.07044030e-01
207.732         	-1.07044030e-01
207.932         	-1.07044030e-01
208.132         	-1.04408590e-01
208.332         	-1.04408590e-01
208.532         	-1.04408590e-01
208.732         	-1.04408590e-01
208.932         	-1.04408590e-01
209.132         	-1.04408590e-01
209.332         	-1.04408590e-01
209.532         	-1.04408590e-01
209.732         	-1.04408590e-01
209.932         	-1.04408590e-01
210.132         	-1.13853157e-01
210.332         	-1.13853157e-01
210.532         	-1.13853157e-01
210.732         	-1.13853157e-01
210.932         	-1.13853157e-01
211.132         	-1.13853157e-01
211.332         	-1.13853157e-01
211.532         	-1.13853157e-01
211.732         	-1.13853157e-01
211.932         	-1.13853157e-01
212.132         	-1.01853404e-01
212.332         	-1.01853404e-01
212.532         	-1.01853404e-01
212.732         	-1.01853404e-01
212.932         	-1.01853404e-01
213.132         	-1.01853404e-01
213.332         	-1.01853404e-01
213.532         	-1.01853404e-01
213.732         	-1.01853404e-01
213.932         	-1.01853404e-01
214.132         	-1.16176799e-01
214.332         	-1.16176799e-01
214.532         	-1.16176799e-01
214.732         	-1.16176799e-01
214.932         	-1.16176799e-01
215.132         	-1.16176799e-01
215.332         	-1.16176799e-01
215.532         	-1.16176799e-01
215.732         	-1.16176799e-01
215.932         	-1.16176799e-01
216.132         	-1.21002202e-01
216.332         	-1.21002202e-01
216.532         	-1.21002202e-01
216.732         	-1.21002202e-01
216.932         	-1.21002202e-01
217.132         	-1.21002202e-01
217.332         	-1.21002202e-01
217.532         	-1.21002202e-01
217.732         	-1.21002202e-01
217.932         	-1.21002202e-01
218.132         	-9.59106190e-02
218.332         	-9.59106190e-02
218.532         	-9.59106190e-02
218.732         	-9.59106190e-02
218.932         	-9.59106190e-02
219.132         	-9.59106190e-02
219.332         	-9.59106190e-02
219.532         	-9.59106190e-02
219.732         	-9.59106190e-02
219.932         	-9.59106190e-02
220.132         	-9.85736295e-02
220.332         	-9.85736295e-02
220.532         	-9.85736295e-02
220.732         	-9.85736295e-02
220.932         	-9.85736295e-02
221.132         	-9.85736295e-02
221.332         	-9.85736295e-02
221.532         	-9.85736295e-02
221.732         	-9.85736295e-02
221.932         	-9.85736295e-02
222.132         	-1.15235159e-01
222.332         	-1.15235159e-01
222.532         	-1.15235159e-01
222.732         	-1.15235159e-01
222.932         	-1.15235159e-01
223.132         	-1.15235159e-01
223.332         	-1.15235159e-01
223.532         	-1.15235159e-01
223.732         	-1.15235159e-01
223.932         	-1.15235159e-01
224.132         	-9.31481419e-02
224.332         	-9.31481419e-02
224.532         	-9.31481419e-02
224.732         	-9.31481419e-02
224.932         	-9.31481419e-02
225.132         	-9.31481419e-02
225.332         	-9.31481419e-02
225.532         	-9.31481419e-02
225.732         	-9.31481419e-02
225.932         	-9.31481419e-02
226.132         	-9.14496183e-02
226.332         	-9.14496183e-02
226.532         	-9.14496183e-02
226.732         	-9.14496183e-02
226.932         	-9.14496183e-02
227.132         	-9.14496183e-02
227.332         	-9.14496183e-02
227.532         	-9.14496183e-02
227.732         	-9.14496183e-02
227.932         	-9.14496183e-02
228.132         	-1.13054950e-01
228.332         	-1.13054950e-01
228.532         	-1.13054950e-01
228.732         	-1.13054950e-01
228.932         	-1.13054950e-01
229.132         	-1.13054950e-01
229.332         	-1.13054950e-01
229.532         	-1.13054950e-01
229.732         	-1.13054950e-01
229.932         	-1.13054950e-01
230.132         	-1.06181767e-01
230.332         	-1.06181767e-01
230.532         	-1.06181767e-01
230.732         	-1.06181767e-01
230.932         	-1.06181767e-01
231.132         	-1.06181767e-01
231.332         	-1.06181767e-01
231.532         	-1.06181767e-01
231.732         	-1.06181767e-01
231.932         	-1.06181767e-01
232.132         	-9.30124520e-02
232.332         	-9.30124520e-02
232.532         	-9.30124520e-02
232.732         	-9.30124520e-02
232.932         	-9.30124520e-02
233.132         	-9.30124520e-02
233.332         	-9.30124520e-02
233.532         	-9.30124520e-02
233.732         	-9.30124520e-02
233.932         	-9.30124520e-02
234.132         	-8.00730318e-02
234.332         	-8.00730318e-02
234.532         	-8.00730318e-02
234.732         	-8.00730318e-02
234.932         	-8.00730318e-02
235.132         	-8.00730318e-02
235.332         	-8.00730318e-02
235.532         	-8.00730318e-02
235.732         	-8.00730318e-02
235.932         	-8.00730318e-02
236.132         	-1.01504752e-01
236.332         	-1.01504752e-01
236.532         	-1.01504752e-01
236.732         	-1.01504752e-01
236.932         	-1.01504752e-01
237.132         	-1.01504752e-01
237.332         	-1.01504752e-01
237.532         	-1.01504752e-01
237.732         	-1.01504752e-01
237.932         	-1.01504752e-01
238.132         	-1.14622612e-01
238.332         	-1.14622612e-01
238.532         	-1.14622612e-01
238.732         	-1.14622612e-01
238.932         	-1.14622612e-01
239.132         	-1.14622612e-01
239.332         	-1.14622612e-01
239.532         	-1.14622612e-01
239.732         	-1.14622612e-01
239.932         	-1.14622612e-01
240.132         	-9.91716699e-02
240.332         	-9.91716699e-02
240.532         	-9.91716699e-02
240.732         	-9.91716699e-02
240.932         	-9.91716699e-02
241.132         	-9.91716699e-02
241.332         	-9.91716699e-02
241.532         	-9.91716699e-02
241.732         	-9.91716699e-02
241.932         	-9.91716699e-02
242.132         	-1.10235256e-01
242.332         	-1.10235256e-01
242.532         	-1.10235256e-01
242.732         	-1.10235256e-01
242.932         	-1.10235256e-01
243.132         	-1.10235256e-01
243.332         	-1.10235256e-01
243.532         	-1.10235256e-01
243.732         	-1.10235256e-01
243.932         	-1.10235256e-01
244.132         	-1.11906495e-01
244.332         	-1.11906495e-01
244.532         	-1.11906495e-01
244.732         	-1.11906495e-01
244.932         	-1.11906495e-01
245.132         	-1.11906495e-01
245.332         	-1.11906495e-01
245.532         	-1.11906495e-01
245.732         	-1.11906495e-01
245.932         	-1.11906495e-01
246.132         	-1.21676095e-01
246.332         	-1.21676095e-01
246.532         	-1.21676095e-01
246.732         	-1.21676095e-01
246.932         	-1.21676095e-01
247.132         	-1.21676095e-01
247.332         	-1.21676095e-01
247.532         	-1.21676095e-01
247.732         	-1.21676095e-01
247.932         	-1.21676095e-01
248.132         	-1.08769054e-01
248.332         	-1.08769054e-01
248.532         	-1.08769054e-01
248.732         	-1.08769054e-01
248.932         	-1.08769054e-01
249.132         	-1.08769054e-01
249.332         	-1.08769054e-01
249.532         	-1.08769054e-01
249.732         	-1.08769054e-01
249.932         	-1.08769054e-01
250.132         	-9.32465583e-02
250.332         	-9.32465583e-02
250.532         	-9.32465583e-02
250.732         	-9.32465583e-02
250.932         	-9.32465583e-02
251.132         	-9.32465583e-02
251.332         	-9.32465583e-02
251.532         	-9.32465583e-02
251.732         	-9.32465583e-02
251.932         	-9.32465583e-02
252.132         	-1.02767639e-01
252.332         	-1.02767639e-01
252.532         	-1.02767639e-01
252.732         	-1.02767639e-01
252.932         	-1.02767639e-01
253.132         	-1.02767639e-01
253.332         	-1.02767639e-01
253.532         	-1.02767639e-01
253.732         	-1.02767639e-01
253.932         	-1.02767639e-01
254.132         	-8.72676296e-02
254.332         	-8.72676296e-02
254.532         	-8.72676296e-02
254.732         	-8.72676296e-02
254.932         	-8.72676296e-02
255.132         	-8.72676296e-02
255.332         	-8.72676296e-02
255.532         	-8.72676296e-02
255.732         	-8.72676296e-02
255.932         	-8.72676296e-02
256.132         	-1.04121854e-01
256.332         	-1.04121854e-01
256.532         	-1.04121854e-01
256.732         	-1.04121854e-01
256.932         	-1.04121854e-01
257.132         	-1.04121854e-01
257.332         	-1.04121854e-01
257.532         	-1.04121854e-01
257.732         	-1.04121854e-01
257.932         	-1.04121854e-01
258.132         	-1.20489600e-01
258.332         	-1.20489600e-01
258.532         	-1.20489600e-01
258.732         	-1.20489600e-01
258.932         	-1.20489600e-01
259.132         	-1.20489600e-01
259.332         	-1.20489600e-01
259.532         	-1.20489600e-01
259.732         	-1.20489600e-01
259.932         	-1.20489600e-01
260.132         	-1.06606337e-01
260.332         	-1.06606337e-01
260.532         	-1.06606337e-01
260.732         	-1.06606337e-01
260.932         	-1.06606337e-01
261.132         	-1.06606337e-01
261.332         	-1.06606337e-01
261.532         	-1.06606337e-01
261.732         	-1.06606337e-01
261.932         	-1.06606337e-01
262.132         	-1.11290360e-01
262.332         	-1.11290360e-01
262.532         	-1.11290360e-01
262.732         	-1.11290360e-01
262.932         	-1.11290360e-01
263.132         	-1.11290360e-01
263.332         	-1.11290360e-01
263.532         	-1.11290360e-01
263.732         	-1.11290360e-01
263.932         	-1.11290360e-01
264.132         	-1.16270490e-01
264.332         	-1.16270490e-01
264.532         	-1.16270490e-01
264.732         	-1.16270490e-01
264.932         	-1.16270490e-01
265.132         	-1.16270490e-01
265.332         	-1.16270490e-01
265.532         	-1.16270490e-01
265.732         	-1.16270490e-01
265.932         	-1.16270490e-01
266.132         	-1.22206633e-01
266.332         	-1.22206633e-01
266.532         	-1.22206633e-01
266.732         	-1.22206633e-01
266.932         	-1.22206633e-01
267.132         	-1.22206633e-01
267.332         	-1.22206633e-01
267.532         	-1.22206633e-01
267.732         	-1.22206633e-01
267.932         	-1.22206633e-01
268.132         	-1.08552307e-01
268.332         	-1.08552307e-01
268.532         	-1.08552307e-01
268.732         	-1.08552307e-01
268.932         	-1.08552307e-01
269.132         	-1.08552307e-01
269.332         	-1.08552307e-01
269.532         	-1.08552307e-01
269.732         	-1.08552307e-01
269.932         	-1.08552307e-01
270.132         	-9.53732449e-02
270.332         	-9.53732449e-02
270.532         	-9.53732449e-02
270.732         	-9.53732449e-02
270.932         	-9.53732449e-02
271.132         	-9.53732449e-02
271.332         	-9.53732449e-02
271.532         	-9.53732449e-02
271.732         	-9.53732449e-02
271.932         	-9.53732449e-02
272.132         	-1.13980501e-01
272.332         	-1.13980501e-01
272.532         	-1.13980501e-01
272.732         	-1.13980501e-01
272.932         	-1.13980501e-01
273.132         	-1.13980501e-01
273.332         	-1.13980501e-01
273.532         	-1.13980501e-01
273.732         	-1.13980501e-01
273.932         	-1.13980501e-01
274.132         	-1.22453556e-01
274.332         	-1.22453556e-01
274.532         	-1.22453556e-01
274.732         	-1.22453556e-01
274.932         	-1.22453556e-01
275.132         	-1.22453556e-01
275.332         	-1.22453556e-01
275.532         	-1.22453556e-01
275.732         	-1.22453556e-01
275.932         	-1.22453556e-01
276.132         	-1.23407891e-01
276.332         	-1.23407891e-01
276.532         	-1.23407891e-01
276.732         	-1.23407891e-01
276.932         	-1.23407891e-01
277.132         	-1.23407891e-01
277.332         	-1.23407891e-01
277.532         	-1.23407891e-01
277.732         	-1.23407891e-01
277.932         	-1.23407891e-01
278.132         	-1.16349298e-01
278.332         	-1.16349298e-01
278.532         	-1.16349298e-01
278.732         	-1.16349298e-01
278.932         	-1.16349298e-01
279.132         	-1.16349298e-01
279.332         	-1.16349298e-01
279.532         	-1.16349298e-01
279.732         	-1.16349298e-01
279.932         	-1.16349298e-01
280.132         	-1.09018231e-01
280.332         	-1.09018231e-01
280.532         	-1.09018231e-01
280.732         	-1.09018231e-01
280.932         	-1.09018231e-01
281.132         	-1.09018231e-01
281.332         	-1.09018231e-01
281.532         	-1.09018231e-01
281.732         	-1.09018231e-01
281.932         	-1.09018231e-01
282.132         	-1.03383203e-01
282.332         	-1.03383203e-01
282.532         	-1.03383203e-01
282.732         	-1.03383203e-01
282.932         	-1.03383203e-01
283.132         	-1.03383203e-01
283.332         	-1.03383203e-01
283.532         	-1.03383203e-01
283.732         	-1.03383203e-01
283.932         	-1.03383203e-01
284.132         	-9.72911313e-02
284.332         	-9.72911313e-02
284.532         	-9.72911313e-02
284.732         	-9.72911313e-02
284.932         	-9.72911313e-02
285.132         	-9.72911313e-02
285.332         	-9.72911313e-02
285.532         	-9.72911313e-02
285.732         	-9.72911313e-02
285.932         	-9.72911313e-02
286.132         	-1.21287668e-01
286.332         	-1.21287668e-01
286.532         	-1.21287668e-01
286.732         	-1.21287668e-01
286.932         	-1.21287668e-01
287.132         	-1.21287668e-01
287.332         	-1.21287668e-01
287.532         	-1.21287668e-01
287.732         	-1.21287668e-01
287.932         	-1.21287668e-01
288.132         	-1.13862546e-01
288.332         	-1.13862546e-01
288.532         	-1.13862546e-01
288.732         	-1.13862546e-01
288.932         	-1.13862546e-01
289.132         	-1.13862546e-01
289.332         	-1.13862546e-01
289.532         	-1.13862546e-01
289.732         	-1.13862546e-01
289.932         	-1.13862546e-01
290.132         	-1.06303058e-01
290.332         	-1.06303058e-01
290.532         	-1.06303058e-01
290.732         	-1.06303058e-01
290.932         	-1.06303058e-01
291.132         	-1.06303058e-01
291.332         	-1.06303058e-01
291.532         	-1.06303058e-01
291.732         	-1.06303058e-01
291.932         	-1.06303058e-01
292.132         	-1.02094097e-01
292.332         	-1.02094097e-01
292.532         	-1.02094097e-01
292.732         	-1.02094097e-01
292.932         	-1.02094097e-01
293.132         	-1.02094097e-01
293.332         	-1.02094097e-01
293.532         	-1.02094097e-01
293.732         	-1.02094097e-01
293.932         	-1.02094097e-01
294.132         	-1.15080434e-01
294.332         	-1.15080434e-01
294.532         	-1.15080434e-01
294.732         	-1.15080434e-01
294.932         	-1.15080434e-01
295.132         	-1.15080434e-01
295.332         	-1.15080434e-01
295.532         	-1.15080434e-01
295.732         	-1.15080434e-01
295.932         	-1.15080434e-01
296.132         	-1.00669576e-01
296.332         	-1.00669576e-01
296.532         	-1.00669576e-01
296.732         	-1.00669576e-01
296.932         	-1.00669576e-01
297.132         	-1.00669576e-01
297.332         	-1.00669576e-01
297.532         	-1.00669576e-01
297.732         	-1.00669576e-01
297.932         	-1.00669576e-01
298.132         	-9.05228443e-02
298.332         	-9.05228443e-02
298.532         	-9.05228443e-02
298.732         	-9.05228443e-02
298.932         	-9.05228443e-02
299.132         	-9.05228443e-02
299.332         	-9.05228443e-02
299.532         	-9.05228443e-02
299.732         	-9.05228443e-02
299.932         	-9.05228443e-02
