#      distance         UMean_x         UMean_y         UMean_z
      1.0050251       1.0000193   0.00012254953   1.5275159e-06
      2.0100503       1.0000168   8.2146447e-05   8.5159629e-06
      3.0150754       1.0000046  -0.00011345563   2.5761566e-06
      4.0201005      0.99999255  -9.7944016e-05  -3.0508773e-05
      5.0251256      0.99998667  -7.4350695e-05  -6.7605865e-05
      6.0301508      0.99997762  -5.6402295e-05  -1.1801693e-05
      7.0351759      0.99995044  -0.00014217013   2.8284705e-05
       8.040201      0.99992055  -0.00015889739   0.00019876696
      9.0452261       0.9998951  -0.00017887683   0.00014880602
      10.050251      0.99985599  -0.00022052494  -0.00016712897
      11.055276      0.99983129   3.5039173e-05  -7.8712571e-05
      12.060302      0.99980983   0.00024710322  -7.2631575e-05
      13.065327      0.99973301   -0.0001255919    0.0002044245
      14.070352       0.9996867  -0.00021709763   0.00019134618
      15.075377      0.99963996  -0.00013208925   2.4125371e-05
      16.080402      0.99959194   0.00019739683  -0.00023256593
      17.085427      0.99954666   0.00018247158  -0.00030855757
      18.090452      0.99943696  -7.4765088e-05  -7.2789852e-05
      19.095477      0.99935863  -0.00020613444   0.00014095544
      20.100503      0.99930722   -0.0002248967   4.7742471e-05
      21.105528      0.99920044   0.00013664557  -4.0248771e-05
      22.110553      0.99915222   0.00012316006  -0.00017770913
      23.115578      0.99907441   0.00016477797  -0.00022264921
      24.120603      0.99892691    0.0001521414  -2.0134135e-05
      25.125628      0.99884206  -7.1781835e-05  -2.3406404e-05
      26.130653       0.9987331   8.6603979e-05  -5.6232311e-05
      27.135678      0.99863351   0.00023431817  -0.00017887412
      28.140704       0.9985619   0.00023792044  -0.00013808059
      29.145729       0.9984584   0.00026885495   3.6692906e-05
      30.150754      0.99821415   8.0773539e-06  -9.4733949e-05
      31.155779        0.998042   0.00044050583  -0.00028400553
      32.160804      0.99794953   7.4017628e-06  -0.00020197676
      33.165829      0.99783333  -0.00033689095  -9.8609269e-05
      34.170854        0.997731  -0.00043844336  -0.00015439209
      35.175879      0.99733484   0.00048120989   -0.0004077126
      36.180905      0.99716537    0.0007661263  -0.00041834605
       37.18593      0.99702512   0.00022581361  -0.00038100007
      38.190955      0.99689589   6.2008604e-05   5.0319341e-05
       39.19598      0.99672869  -0.00013586798   7.6838782e-05
      40.201005      0.99649793   0.00027094991  -0.00020395886
       41.20603      0.99618277   0.00061695782  -4.9398229e-05
      42.211055      0.99596363   0.00033639315   0.00024694311
       43.21608      0.99560468   -5.558583e-05   0.00055853839
      44.221106      0.99541427  -0.00015973978   0.00062187591
      45.226131      0.99508485   0.00013941495   0.00025797622
      46.231156      0.99455001  -0.00038506489  -0.00097750044
      47.236181       0.9942659  -0.00066179041  -0.00088465032
      48.241206      0.99394116     0.000598368  -0.00044327294
      49.246231      0.99349147   0.00067251401   0.00053685851
      50.251256       0.9929803    0.0011558816   0.00037172442
      51.256281      0.99252869   0.00042822859   0.00031155014
      52.261307      0.99199164   -0.0010408029   5.0318536e-05
      53.266332      0.99167661   -0.0020309752  -7.9008391e-05
      54.271357      0.99105273   -0.0021475127  -0.00017135846
      55.276382      0.99064532   -0.0026630324   9.4443377e-05
      56.281407      0.99016083   -0.0026835273   0.00031553321
      57.286432      0.98969499    -0.001105185   0.00014233911
      58.291457       0.9887177   -0.0014135784  -0.00078344329
      59.296482      0.98831106   -0.0048640384  -0.00079182187
      60.301508      0.98774506   -0.0057658351  -0.00068250098
      61.306533      0.98660615   -0.0043958406  -0.00078169056
      62.311558       0.9854531    -0.003676708  -0.00026348819
      63.316583      0.98420966   -0.0026760594   0.00062806816
      64.321608      0.98382351   -0.0019874107  -0.00047288884
      65.326633       0.9828387    0.0022461595    -0.001009075
      66.331658      0.98194684    0.0037436493  -0.00029972043
      67.336683       0.9810019  -0.00046266058   -0.0015144824
      68.341709      0.97992898    0.0043455835   -0.0017558627
      69.346734      0.97883149    0.0018359622   -0.0017798933
      70.351759      0.97706652   -0.0021725975  -0.00090176756
      71.356784      0.97515701   0.00031151519   -0.0011045483
      72.361809      0.97296158   -0.0012643256    -0.002911237
      73.366834      0.97211382    0.0091978899    -0.001565453
      74.371859      0.97035904    0.0011524609   -0.0011311894
      75.376884      0.96820255    0.0029770759   -0.0014961795
       76.38191      0.96586514    0.0010725591   -0.0013270614
      77.386935      0.96302506    0.0003361477   -0.0016136795
       78.39196      0.96006116   0.00022257963   -0.0014010838
      79.396985      0.95702061   0.00018295852   -0.0015574105
       80.40201      0.95349653   0.00026788739   -0.0017107245
      81.407035      0.94942761   0.00038573599   -0.0016302381
       82.41206      0.94485731   0.00041235226   -0.0017437034
      83.417085      0.93970339   0.00042580524   -0.0017239476
      84.422111      0.93386367   0.00039514341   -0.0016597992
      85.427136      0.92696749   0.00041100875   -0.0017572489
      86.432161      0.91893346   0.00036006689   -0.0017155258
      87.437186       0.9092873   0.00033694903    -0.001519519
      88.442211      0.89767695   0.00038074877   -0.0014864817
      89.447236       0.8831651   0.00040829533   -0.0015695413
      90.452261      0.86416264   0.00032857474   -0.0013638907
      91.457286      0.83699983    0.0017799388   -0.0027480149
      92.462312      0.79006544    0.0020338316   -0.0028716361
      93.467337      0.64819845   -0.0049051497    -0.011436382


      95.477387     -0.20171361    0.0094647481   -0.0035335269
      96.482412      0.18078081    -0.015407971     0.008200119


      98.492462     0.013039964    -0.026966962    -0.033034609
      99.497487    -0.001173363    0.0015278481   -0.0017275103


      100.50251   -0.0019980138     0.005182341    0.0076466654
      101.50754      0.12217687    0.0019618096    -0.022161033


      103.51759     0.075877136     -0.01499684    0.0052034413
      104.52261      0.19079942      0.01781413    0.0023441657


      106.53266     0.039468422     0.012815019    -0.016555286
      107.53769      0.25289773     0.016171476    -0.011644762
      108.54271      0.35260139    0.0088698193   -0.0054492374
      109.54774      0.41379307    0.0053451759    0.0013754328
      110.55276      0.44782503    0.0010404527     0.013528277
      111.55779      0.47068749   -0.0041695165     0.016242799
      112.56281      0.48835358   -0.0045613527     0.014019551
      113.56784      0.50337055   -0.0016707426      0.01120579
      114.57286      0.51555765   1.4733128e-05    0.0089320768
      115.57789      0.52442495  -0.00034599176    0.0068048777
      116.58291      0.53057406    -0.001711718    0.0046269208
      117.58794      0.53509441   -0.0004029469    0.0035017195
      118.59296       0.5376149   0.00089464323    0.0030228007
      119.59799       0.5381315    0.0020110589    0.0034278097
      120.60302      0.53887698     0.002667744    0.0046309244
      121.60804      0.53830447    0.0016748152    0.0048588873
      122.61307      0.53750463  -0.00020264695    0.0040657684
      123.61809      0.53669864  -0.00088956243    0.0030793345
      124.62312      0.53539839   -0.0018524497    0.0025843342
      125.62814      0.53392475   -0.0026048098    0.0015457908
      126.63317      0.53144784   -0.0021282859   0.00061777386
      127.63819      0.52911963   -0.0010009575  -1.3996101e-05
      128.64322      0.52688479  -0.00050456679   -0.0011702749
      129.64824      0.52430915  -7.1026806e-05   -0.0018172569
      130.65327      0.52258302   0.00053085174   -0.0023267003
      131.65829      0.52141017    0.0019092334   -0.0024419847
      132.66332      0.52012639    0.0027366808   -0.0018212977
      133.66834      0.51853004    0.0033250346   -0.0023015207
      134.67337      0.51754508    0.0030333619   -0.0023023083
      135.67839      0.51730332    0.0023503886   -0.0023428654
      136.68342      0.51733879    0.0011717636   -0.0032115261
      137.68844       0.5174423   0.00075208076   -0.0048151729
      138.69347      0.51627235   4.5183808e-05   -0.0054189912
      139.69849      0.51411914   -0.0010219459   -0.0053016633
      140.70352      0.51207429   -0.0019783917   -0.0045068084
      141.70854      0.50952778    -0.003044471   -0.0038490416
      142.71357      0.50824701   -0.0034097585   -0.0034564267
      143.71859      0.50765895   -0.0038638766   -0.0037889692
      144.72362      0.50725479   -0.0041932942   -0.0044294293
      145.72864      0.50712936   -0.0042288906     -0.00464988
      146.73367      0.50752325   -0.0042557829   -0.0041510374
      147.73869      0.50840329   -0.0045118305   -0.0037618946
      148.74372      0.50918526   -0.0051821752   -0.0036206316
      149.74874      0.50950046    -0.005923483   -0.0036215033
      150.75377      0.51055065   -0.0061738701   -0.0034979415
      151.75879      0.51286055   -0.0059363703   -0.0031837648
      152.76382      0.51544983   -0.0056089679   -0.0030646479
      153.76884      0.51795845   -0.0051721773   -0.0031375693
      154.77387      0.52049344    -0.004376702    -0.002796502
      155.77889      0.52287695    -0.003691552   -0.0018179315
      156.78392      0.52476126    -0.002973456   -0.0010008826
      157.78894      0.52624087   -0.0024777926   -0.0004366726
      158.79397      0.52753575    -0.002314236    1.199538e-05
      159.79899      0.52891253   -0.0020165843   0.00044410395
      160.80402      0.53071836    -0.001875731   0.00047517701
      161.80905      0.53265728   -0.0017478203   0.00077567953
      162.81407      0.53462109   -0.0012259923    0.0014270699
       163.8191      0.53667675  -0.00068364904    0.0018192549
      164.82412      0.53899099   -0.0005588266    0.0024323927
      165.82915       0.5413245  -0.00078489537    0.0028729445
      166.83417      0.54393006   -0.0015860835    0.0032476767
       167.8392      0.54665069    -0.002551753    0.0036944141
      168.84422      0.54917556   -0.0034909201    0.0041945276
      169.84925      0.55093964   -0.0045818176    0.0045249903
      170.85427      0.55224291   -0.0052654241    0.0048587905
       171.8593      0.55362008   -0.0055762889    0.0053478607
      172.86432      0.55583229   -0.0049563656    0.0056043572
      173.86935      0.55943903   -0.0034244234    0.0054648646
      174.87437      0.56391686   -0.0015752665    0.0047744233
       175.8794      0.56822613   0.00024586322    0.0037168262
      176.88442      0.57182466    0.0018063799    0.0021010785
      177.88945      0.57504263    0.0026659224   0.00020538057
      178.89447      0.57847698    0.0027172489   -0.0012943524
       179.8995      0.58245098    0.0025814836   -0.0021294203
      180.90452      0.58688482    0.0021981215   -0.0025981026
      181.90955       0.5910518    0.0022288246   -0.0030090056
      182.91457      0.59756159    0.0013082377   -0.0043143895
       183.9196      0.60401511    0.0017788635   -0.0057200891
      184.92462      0.60973806    0.0025060505   -0.0058833975
      185.92965      0.61360597   0.00067992814    -0.005461646
      186.93467      0.62100613    0.0018810379   -0.0011808638
       187.9397      0.62101233    0.0023033282   -0.0011821931
      188.94472      0.62429793    0.0016433618  -0.00040600019
      189.94975      0.63409251    0.0019872128   -0.0011081095
      190.95477      0.62314564    0.0048685906   1.5755808e-06
       191.9598        0.629682    0.0045682696  -0.00014378698
      192.96482      0.62908316    0.0038293284  -0.00020554743
      193.96985      0.63129934    0.0050840784   0.00049102153
      194.97487      0.63282003    0.0064770977   0.00099444389
       195.9799      0.63537331     0.006085343    0.0005873494
      196.98492      0.63761823    0.0052334779   1.2417741e-06
      197.98995      0.63515994    0.0072504323   0.00054382961
      198.99497      0.63693259    0.0062303204   -0.0019654595