#      distance         UMean_x         UMean_y         UMean_z
      1.0050251       1.0000076   4.1083444e-05  -4.6278756e-05
      2.0100503       1.0000188   0.00012452328  -0.00011089565
      3.0150754       1.0000008   5.6704975e-05  -7.0885799e-05
      4.0201005      0.99997563  -3.6814511e-06  -9.6774351e-06
      5.0251256      0.99995438   8.5462402e-05  -5.5912839e-05
      6.0301508       0.9999328   3.3961146e-05  -5.6033006e-05
      7.0351759      0.99989515  -6.8779183e-05    1.866894e-05
       8.040201      0.99985133   -0.0001077219   7.4540844e-05
      9.0452261      0.99982238   -1.969412e-05   1.2176977e-05
      10.050251      0.99978724   4.3839092e-05  -2.8158122e-05
      11.055276      0.99975763   2.9268891e-05  -7.3284962e-05
      12.060302       0.9996762  -7.4133966e-05    9.065484e-05
      13.065327      0.99960053  -8.2992685e-05    0.0001205077
      14.070352      0.99957455   0.00011660462  -0.00017341168
      15.075377      0.99953021   0.00011020536  -0.00033273111
      16.080402      0.99943571  -8.1023291e-05   5.2199137e-05
      17.085427      0.99933675   8.3000995e-05   3.8622517e-05
      18.090452      0.99925833   0.00015471468  -8.3681689e-05
      19.095477      0.99918581   0.00045879865  -0.00035510261
      20.100503      0.99908831   0.00018806879  -0.00037771733
      21.105528      0.99895974  -0.00015519369  -0.00026757972
      22.110553      0.99878887  -0.00021767992  -0.00027212333
      23.115578      0.99869695   -2.439844e-05   -0.0004371009
      24.120603      0.99860012   0.00057064183  -0.00071339199
      25.125628      0.99847635   0.00070904118  -0.00066472913
      26.130653      0.99833975   0.00025497277  -0.00018726611
      27.135678      0.99811311  -0.00037679144   0.00026697425
      28.140704      0.99801801    0.0002948516  -0.00014112233
      29.145729      0.99782836   0.00027004396  -0.00040786222
      30.150754      0.99763319    0.0007002796  -0.00083069334
      31.155779       0.9974752   0.00048718891  -0.00073478702
      32.160804      0.99720643   0.00048052647  -0.00042728486
      33.165829      0.99701915   0.00083612301  -0.00036277787
      34.170854      0.99683647   0.00067084149  -0.00035295111
      35.175879      0.99657227  -0.00012506668  -0.00015123601
      36.180905      0.99629726  -0.00095659565  -9.9980463e-05
       37.18593       0.9959722  -0.00077291674  -0.00020116696
      38.190955      0.99550224   0.00026969402  -0.00020312649
       39.19598      0.99532847   0.00073618271  -0.00012410345
      40.201005      0.99507872   0.00079151369   6.1315442e-05
       41.20603      0.99468631  -0.00060671832  -1.3061093e-05
      42.211055       0.9943017  -0.00019921942  -1.5551372e-05
       43.21608      0.99393948  -0.00049012019   9.3709229e-06
      44.221106      0.99341334   -0.0010748506   -1.230134e-06
      45.226131      0.99310899   -0.0019515005   0.00018239036
      46.231156      0.99282131   -0.0020447914   0.00038117454
      47.236181      0.99233296    0.0008566355   0.00040531209
      48.241206       0.9917349   0.00041763924  -9.6131826e-05
      49.246231      0.99120384  -0.00013555181  -0.00050955629
      50.251256      0.99072213   -0.0020706422  -0.00018992242
      51.256281       0.9900282  -0.00061246466   6.5488764e-05
      52.261307      0.98939034  -2.0246202e-05   0.00025951644
      53.266332      0.98859977   -0.0010107606   0.00034539233
      54.271357       0.9880049   -0.0052692644    0.0022428023
      55.276382      0.98714359   -0.0059361439    0.0031314971
      56.281407      0.98661601   -0.0037614416    0.0021716466
      57.286432      0.98606864   -0.0033894747    0.0021898212
      58.291457      0.98553937  -0.00096724224    0.0013356063
      59.296482       0.9844664    0.0021672588   0.00015233709
      60.301508      0.98333754    0.0026528522  -0.00038311716
      61.306533      0.98235491    0.0018331292  -0.00081604069
      62.311558       0.9811924    0.0011342387  -0.00030729516
      63.316583      0.97961878  -0.00011513063  -0.00031954978
      64.321608      0.97796475   -0.0025036684   -0.0011012665
      65.326633      0.97691643   -0.0020022918   0.00068265222
      66.331658      0.97566746  -0.00023777807    0.0009199224
      67.336683      0.97311593   -0.0037796406    0.0010118113
      68.341709      0.97234069  -0.00012754211    0.0024382317
      69.346734      0.96991463   -0.0048763205    0.0013664568
      70.351759      0.96838578   -0.0051948906    0.0021645917
      71.356784      0.96657539    -0.001750557    0.0022867676
      72.361809      0.96330049   -0.0038049699    0.0010747851
      73.366834      0.96096447     -0.00292807    0.0012142769
      74.371859      0.95823949   -0.0031558613    0.0015651604
      75.376884      0.95554597   -0.0027488271    0.0013158765
       76.38191      0.95207567   -0.0032523931    0.0014817002
      77.386935      0.94803393   -0.0040730582    0.0011464239
       78.39196      0.94388155   -0.0043900858    0.0013028918
      79.396985       0.9394105   -0.0042762135    0.0013341953
       80.40201      0.93429295   -0.0041381016    0.0013157208
      81.407035      0.92852072   -0.0041084535    0.0013295688
       82.41206      0.92202799   -0.0040990473     0.001302318
      83.417085      0.91455044   -0.0040315822    0.0011927025
      84.422111      0.90596415   -0.0039461497    0.0011499398
      85.427136      0.89592132   -0.0038873023    0.0011717378
      86.432161      0.88419362   -0.0038198759    0.0011175994
      87.437186       0.8702336   -0.0036993341    0.0010118196
      88.442211      0.85341287    -0.003632503    0.0009115202
      89.447236      0.83246957   -0.0036642794     0.000831214
      90.452261      0.80601544   -0.0035349558   0.00081107737
      91.457286       0.7726807   -0.0032322361    0.0013349583
      92.462312      0.71960783   -0.0046015313    0.0017268734
      93.467337      0.59040771   -0.0049504665   -0.0030095888


      95.477387    -0.047270898     0.031239527    0.0093700684
      96.482412     -0.22102097    -0.049864647    0.0047263863
      97.487437      0.71912814    0.0010721295   -0.0051727493
      98.492462       1.0520756   -0.0030099719   0.00067001645
      99.497487    0.0046234143    -0.019213728   0.00013605843


      100.50251   -0.0012132346   -0.0037156243   0.00077175687
      101.50754    0.0005098248     0.053981783    0.0072106536
      102.51256      0.56036927      0.06711707    -0.015112519
      103.51759      0.62860297     0.036963209   -0.0077567283
      104.52261      0.28246171   -0.0070532924   -0.0034073035


      106.53266    -0.063280945    0.0076505565    0.0093713113
      107.53769     0.045639783    -0.028461105     0.011412803
      108.54271      0.11964874    -0.024737637      0.01846631
      109.54774      0.19663881    -0.013487825    0.0062769673
      110.55276      0.26021302    -0.016958727   -0.0053494338
      111.55779      0.31010726    -0.015618743   -0.0058576574
      112.56281       0.3460828    -0.009907477   -0.0048783161
      113.56784      0.37083578   -0.0072305568  -0.00050369153
      114.57286      0.38654665   -0.0074408495    0.0041797225
      115.57789      0.39451302   -0.0085854542    0.0035158405
      116.58291      0.39854253   -0.0086265415    0.0030233421
      117.58794      0.40121576   -0.0070957577    0.0035024471
      118.59296      0.40396259   -0.0056202824    0.0050114739
      119.59799      0.40530779   -0.0045558499     0.004917144
      120.60302       0.4050876   -0.0036066211    0.0043562375
      121.60804      0.40267907   -0.0024371133    0.0035043588
      122.61307      0.39888555    -0.001059362    0.0020043305
      123.61809      0.39372017   0.00050390025   0.00083178888
      124.62312      0.38974854   0.00092903812   -0.0010060897
      125.62814      0.38664344   -0.0014149045   -0.0044747065
      126.63317      0.38408177    0.0017622056   -0.0066157527
      127.63819      0.38563243    0.0083018271   -0.0035602238
      128.64322      0.38537418     0.011487426   -0.0033959504
      129.64824      0.38830412     0.008672123    -0.003858636
      130.65327      0.39119671    0.0041387703   -0.0028178644
      131.65829      0.39417175  -0.00035006236   -0.0015249625
      132.66332      0.39977503   -0.0069893601   -0.0021932615
      133.66834      0.40381556   -0.0092042009   -0.0026487649
      134.67337      0.40638982   -0.0072268351   -0.0027366912
      135.67839      0.40892608   -0.0018174628   -0.0025487928
      136.68342      0.40839672   0.00066148966   -0.0016115445
      137.68844      0.40720633    0.0010042183   0.00059057233
      138.69347      0.40708161    0.0018200135    0.0020630309
      139.69849      0.40923656    0.0030618809    0.0026459962
      140.70352      0.41296647    0.0052703684    0.0039838828
      141.70854      0.41833804    0.0073215586    0.0056339852
      142.71357      0.42489701    0.0097795844    0.0069886906
      143.71859      0.43230041     0.014097545    0.0082803783
      144.72362      0.43989507     0.017735612     0.011765321
      145.72864       0.4355445     0.014321393    0.0096539511
      146.73367      0.42984229     0.011654615    0.0038306796
      147.73869      0.43146319     0.011738264    0.0034163704
      148.74372      0.43617631     0.010788999    0.0029329697
      149.74874      0.44053434    0.0088586697    0.0013792259
      150.75377      0.44715045     0.010931455    0.0038488925
      151.75879      0.45318053     0.012665498     0.007432009
      152.76382      0.46073914     0.016734348     0.010464128
      153.76884      0.47014063     0.020054544     0.011783157
      154.77387       0.4758351      0.01679513     0.013178106
      155.77889      0.47761066     0.014581593     0.012194644
      156.78392      0.48015947     0.016331409    0.0093498067
      157.78894      0.48626767     0.021242519    0.0079885385
      158.79397      0.49207563     0.025579392    0.0090591884
      159.79899      0.49577105     0.024507419     0.010981865
      160.80402       0.5034281     0.026491835     0.012849854
      161.80905      0.51701705     0.028346911     0.012903373
      162.81407      0.52858855     0.026819391     0.013234336
       163.8191      0.53919741     0.025038754     0.013929769
      164.82412      0.54969192     0.022905016     0.014312228
      165.82915      0.55955684     0.019220035     0.013848256
      166.83417       0.5689554     0.014849791     0.012619401
       167.8392      0.57860745     0.012192071     0.010991864
      168.84422       0.5890035     0.011673537      0.01054739
      169.84925      0.59773719      0.01311625    0.0093214726
      170.85427      0.60434272     0.014983854    0.0077398845
       171.8593      0.60934614     0.016394946    0.0073096569
      172.86432      0.61510098     0.016082136    0.0067769314
      173.86935      0.62214593     0.014508311    0.0060882982
      174.87437      0.62791897     0.012057228    0.0059894042
       175.8794      0.63248784    0.0097737603    0.0069722781
      176.88442      0.63597486    0.0065875894    0.0067569994
      177.88945      0.63991656     0.004459936    0.0056610041
      178.89447      0.64553247    0.0037901928    0.0056750093
       179.8995      0.65187032    0.0040121035    0.0057099831
      180.90452      0.65651863    0.0024338013    0.0069270176
      181.90955      0.66181501   0.00098047149    0.0068842743
      182.91457       0.6714818  -0.00067255598    0.0046507404
       183.9196      0.67898835  -0.00056524808    0.0032506089
      184.92462      0.68653652  -0.00068386949    0.0033722975
      185.92965      0.69360183  -0.00040100779    0.0032713172
      186.93467      0.70321976   0.00030343973    0.0019766347
       187.9397      0.70843421    0.0010306626    0.0020241131
      188.94472      0.71550788    0.0067189371    0.0039650076
      189.94975      0.71650459    0.0028074919     0.003744431
      190.95477      0.71929809    0.0018290438    0.0032090008
       191.9598      0.71890949    5.455173e-05    0.0023570272
      192.96482      0.72548359   -0.0013366283    0.0032291522
      193.96985       0.7286645    0.0047941381    0.0067930397
      194.97487      0.73955329  -0.00055998131    0.0052225458
       195.9799      0.75049842    -0.002240857   0.00080145597
      196.98492      0.75284937     0.011721629   -0.0047633249
      197.98995      0.76336626    0.0045453767   -0.0016892036
      198.99497      0.76264918    -0.003160836   -0.0026051415