# Region type : faceZone InSurface
# Faces  :      527
# Area   :      4.09898267e+01
# Time          	areaAverage(surfaceInterpolate(p))
0.01            
0.21            	0.00000000e+00
0.41            	0.00000000e+00
0.61            	6.07836083e-02
0.81            	6.07836083e-02
1.01            	6.07836083e-02
1.21            	1.03005092e-01
1.41            	1.03005092e-01
1.61            	1.30871963e-01
1.81            	1.30871963e-01
2.01            	1.30871963e-01
2.21            	1.23973617e-01
2.41            	1.23973617e-01
2.61            	1.22342219e-01
2.81            	1.22342219e-01
3.01            	1.22342219e-01
3.21            	1.13278530e-01
3.41            	1.13278530e-01
3.61            	1.17103520e-01
3.81            	1.17103520e-01
4.01            	1.17103520e-01
4.21            	1.14211994e-01
4.41            	1.14211994e-01
4.61            	1.15516600e-01
4.81            	1.15516600e-01
5.01            	1.15516600e-01
5.21            	1.15594808e-01
5.41            	1.15594808e-01
5.61            	1.14478742e-01
5.81            	1.14478742e-01
6.01            	1.14478742e-01
6.21            	1.14913419e-01
6.41            	1.14913419e-01
6.61            	1.12956584e-01
6.81            	1.12956584e-01
7.01            	1.12956584e-01
7.21            	1.14561350e-01
7.41            	1.14561350e-01
7.61            	1.16089465e-01
7.81            	1.16089465e-01
8.01            	1.16089465e-01
8.21            	1.18772357e-01
8.41            	1.18772357e-01
8.61            	1.21490832e-01
8.81            	1.21490832e-01
9.01            	1.21490832e-01
9.21            	1.22298520e-01
9.41            	1.22298520e-01
9.61            	1.23024171e-01
9.81            	1.23024171e-01
10.01           	1.23024171e-01
10.21           	1.23448339e-01
10.41           	1.23448339e-01
10.61           	1.23757589e-01
10.81           	1.23757589e-01
11.01           	1.23757589e-01
11.21           	1.26344984e-01
11.41           	1.26344984e-01
11.61           	1.29259072e-01
11.81           	1.29259072e-01
12.01           	1.29259072e-01
12.21           	1.31531677e-01
12.41           	1.31531677e-01
12.61           	1.30126532e-01
12.81           	1.30126532e-01
13.01           	1.30126532e-01
13.21           	1.22006981e-01
13.41           	1.22006981e-01
13.61           	1.13310061e-01
13.81           	1.13310061e-01
14.01           	1.13310061e-01
14.21           	1.06481463e-01
14.41           	1.06481463e-01
14.61           	1.04231926e-01
14.81           	1.04231926e-01
15.01           	1.04231926e-01
15.21           	1.03813234e-01
15.41           	1.03813234e-01
15.61           	1.04588149e-01
15.81           	1.04588149e-01
16.01           	1.04588149e-01
16.21           	1.09394116e-01
16.41           	1.09394116e-01
16.61           	1.19086680e-01
16.81           	1.19086680e-01
17.01           	1.19086680e-01
17.21           	1.27091986e-01
17.41           	1.27091986e-01
17.61           	1.23040128e-01
17.81           	1.23040128e-01
18.01           	1.23040128e-01
18.21           	1.15962537e-01
18.41           	1.15962537e-01
18.61           	1.09748948e-01
18.81           	1.09748948e-01
19.01           	1.09748948e-01
19.21           	1.05192598e-01
19.41           	1.05192598e-01
19.61           	9.78760405e-02
19.81           	9.78760405e-02
20.01           	9.78760405e-02
20.21           	9.57710103e-02
20.41           	9.57710103e-02
20.61           	1.08581288e-01
20.81           	1.08581288e-01
21.01           	1.08581288e-01
21.21           	1.18286198e-01
21.41           	1.18286198e-01
21.61           	1.24557856e-01
21.81           	1.24557856e-01
22.01           	1.24557856e-01
22.21           	1.30453828e-01
22.41           	1.30453828e-01
22.61           	1.29368110e-01
22.81           	1.29368110e-01
23.01           	1.29368110e-01
23.21           	1.19449068e-01
23.41           	1.19449068e-01
23.61           	1.04091713e-01
23.81           	1.04091713e-01
24.01           	1.04091713e-01
24.21           	9.97547446e-02
24.41           	9.97547446e-02
24.61           	9.58006755e-02
24.81           	9.58006755e-02
25.01           	9.58006755e-02
25.21           	9.47724851e-02
25.41           	9.47724851e-02
25.61           	9.11479174e-02
25.81           	9.11479174e-02
26.01           	9.11479174e-02
26.21           	9.57430963e-02
26.41           	9.57430963e-02
26.61           	1.11595033e-01
26.81           	1.11595033e-01
27.01           	1.11595033e-01
27.21           	1.22486589e-01
27.41           	1.22486589e-01
27.61           	1.20303940e-01
27.81           	1.20303940e-01
28.01           	1.20303940e-01
28.21           	1.06511694e-01
28.41           	1.06511694e-01
28.61           	1.00518453e-01
28.81           	1.00518453e-01
29.01           	1.00518453e-01
29.21           	9.82556819e-02
29.41           	9.82556819e-02
29.61           	9.58112314e-02
29.81           	9.58112314e-02
30.01           	9.58112314e-02
30.21           	9.56622465e-02
30.41           	9.56622465e-02
30.61           	9.49420109e-02
30.81           	9.49420109e-02
31.01           	9.49420109e-02
31.21           	9.84085619e-02
31.41           	9.84085619e-02
31.61           	1.08775118e-01
31.81           	1.08775118e-01
32.01           	1.08775118e-01
32.21           	1.18462212e-01
32.41           	1.18462212e-01
32.61           	1.21387346e-01
32.81           	1.21387346e-01
33.01           	1.21387346e-01
33.21           	1.13912181e-01
33.41           	1.13912181e-01
33.61           	1.04889504e-01
33.81           	1.04889504e-01
34.01           	1.04889504e-01
34.21           	1.01402668e-01
34.41           	1.01402668e-01
34.61           	9.83443366e-02
34.81           	9.83443366e-02
35.01           	9.83443366e-02
35.21           	9.67230788e-02
35.41           	9.67230788e-02
35.61           	9.61505337e-02
35.81           	9.61505337e-02
36.01           	9.61505337e-02
36.21           	1.00853908e-01
36.41           	1.00853908e-01
36.61           	1.12644001e-01
36.81           	1.12644001e-01
37.01           	1.12644001e-01
37.21           	1.21205897e-01
37.41           	1.21205897e-01
37.61           	1.20312832e-01
37.81           	1.20312832e-01
38.01           	1.20312832e-01
38.21           	1.09553927e-01
38.41           	1.09553927e-01
38.61           	9.87843856e-02
38.81           	9.87843856e-02
39.01           	9.87843856e-02
39.21           	9.30620334e-02
39.41           	9.30620334e-02
39.61           	9.33812834e-02
39.81           	9.33812834e-02
40.01           	9.33812834e-02
40.21           	9.35870276e-02
40.41           	9.35870276e-02
40.61           	9.22683893e-02
40.81           	9.22683893e-02
41.01           	9.22683893e-02
41.21           	9.57271246e-02
41.41           	9.57271246e-02
41.61           	1.05438560e-01
41.81           	1.05438560e-01
42.01           	1.05438560e-01
42.21           	1.15572969e-01
42.41           	1.15572969e-01
42.61           	1.21441301e-01
42.81           	1.21441301e-01
43.01           	1.21441301e-01
43.21           	1.13600343e-01
43.41           	1.13600343e-01
43.61           	1.01008393e-01
43.81           	1.01008393e-01
44.01           	1.01008393e-01
44.21           	9.44908758e-02
44.41           	9.44908758e-02
44.61           	9.28747752e-02
44.81           	9.28747752e-02
45.01           	9.28747752e-02
45.21           	9.26762030e-02
45.41           	9.26762030e-02
45.61           	9.02708719e-02
45.81           	9.02708719e-02
46.01           	9.02708719e-02
46.21           	9.38955445e-02
46.41           	9.38955445e-02
46.61           	1.05224998e-01
46.81           	1.05224998e-01
47.01           	1.05224998e-01
47.21           	1.17247108e-01
47.41           	1.17247108e-01
47.61           	1.22860563e-01
47.81           	1.22860563e-01
48.01           	1.22860563e-01
48.21           	1.17746114e-01
48.41           	1.17746114e-01
48.61           	1.04393924e-01
48.81           	1.04393924e-01
49.01           	1.04393924e-01
49.21           	9.80129733e-02
49.41           	9.80129733e-02
49.61           	9.53055441e-02
49.81           	9.53055441e-02
50.01           	9.53055441e-02
50.21           	9.52480270e-02
50.41           	9.52480270e-02
50.61           	9.53029129e-02
50.81           	9.53029129e-02
51.01           	9.53029129e-02
51.21           	9.48989142e-02
51.41           	9.48989142e-02
51.61           	1.03196724e-01
51.81           	1.03196724e-01
52.01           	1.03196724e-01
52.21           	1.12500155e-01
52.41           	1.12500155e-01
52.61           	1.18541153e-01
52.81           	1.18541153e-01
53.01           	1.18541153e-01
53.21           	1.18042981e-01
53.41           	1.18042981e-01
53.61           	1.08026158e-01
53.81           	1.08026158e-01
54.01           	1.08026158e-01
54.21           	9.92439757e-02
54.41           	9.92439757e-02
54.61           	9.50979451e-02
54.81           	9.50979451e-02
55.01           	9.50979451e-02
55.21           	9.14455926e-02
55.41           	9.14455926e-02
55.61           	8.98383794e-02
55.81           	8.98383794e-02
56.01           	8.98383794e-02
56.21           	9.20510209e-02
56.41           	9.20510209e-02
56.61           	9.87355263e-02
56.81           	9.87355263e-02
57.01           	9.87355263e-02
57.21           	1.08983992e-01
57.41           	1.08983992e-01
57.61           	1.16621442e-01
57.81           	1.16621442e-01
58.01           	1.16621442e-01
58.21           	1.17485754e-01
58.41           	1.17485754e-01
58.61           	1.07170351e-01
58.81           	1.07170351e-01
59.01           	1.07170351e-01
59.21           	1.00279112e-01
59.41           	1.00279112e-01
59.61           	9.56565828e-02
59.81           	9.56565828e-02
60.01           	9.56565828e-02
60.21           	9.14391808e-02
60.41           	9.14391808e-02
60.61           	8.73308550e-02
60.81           	8.73308550e-02
61.01           	8.73308550e-02
61.21           	8.69331735e-02
61.41           	8.69331735e-02
61.61           	9.68581429e-02
61.81           	9.68581429e-02
62.01           	9.68581429e-02
62.21           	1.11414983e-01
62.41           	1.11414983e-01
62.61           	1.18718945e-01
62.81           	1.18718945e-01
63.01           	1.18718945e-01
63.21           	1.21261219e-01
63.41           	1.21261219e-01
63.61           	1.11911449e-01
63.81           	1.11911449e-01
64.01           	1.11911449e-01
64.21           	1.00329121e-01
64.41           	1.00329121e-01
64.61           	9.68841817e-02
64.81           	9.68841817e-02
65.01           	9.68841817e-02
65.21           	9.52465706e-02
65.41           	9.52465706e-02
65.61           	8.92879193e-02
65.81           	8.92879193e-02
66.01           	8.92879193e-02
66.21           	8.44517048e-02
66.41           	8.44517048e-02
66.61           	8.91921598e-02
66.81           	8.91921598e-02
67.01           	8.91921598e-02
67.21           	1.03770700e-01
67.41           	1.03770700e-01
67.61           	1.15566546e-01
67.81           	1.15566546e-01
68.01           	1.15566546e-01
68.21           	1.21537625e-01
68.41           	1.21537625e-01
68.61           	1.15433611e-01
68.81           	1.15433611e-01
69.01           	1.15433611e-01
69.21           	1.04284917e-01
69.41           	1.04284917e-01
69.61           	9.86976045e-02
69.81           	9.86976045e-02
70.01           	9.86976045e-02
70.21           	9.69271926e-02
70.41           	9.69271926e-02
70.61           	9.22573246e-02
70.81           	9.22573246e-02
71.01           	9.22573246e-02
71.21           	8.90007949e-02
71.41           	8.90007949e-02
71.61           	9.16234194e-02
71.81           	9.16234194e-02
72.01           	9.16234194e-02
72.21           	9.83142307e-02
72.41           	9.83142307e-02
72.61           	1.07942628e-01
72.81           	1.07942628e-01
73.01           	1.07942628e-01
73.21           	1.17844326e-01
73.41           	1.17844326e-01
73.61           	1.23003129e-01
73.81           	1.23003129e-01
74.01           	1.23003129e-01
74.21           	1.16326529e-01
74.41           	1.16326529e-01
74.61           	1.08101304e-01
74.81           	1.08101304e-01
75.01           	1.08101304e-01
75.21           	1.02918797e-01
75.41           	1.02918797e-01
75.61           	9.70520413e-02
75.81           	9.70520413e-02
76.01           	9.70520413e-02
76.21           	9.24059650e-02
76.41           	9.24059650e-02
76.61           	9.13025486e-02
76.81           	9.13025486e-02
77.01           	9.13025486e-02
77.21           	9.39951195e-02
77.41           	9.39951195e-02
77.61           	9.92373140e-02
77.81           	9.92373140e-02
78.01           	9.92373140e-02
78.21           	1.09697885e-01
78.41           	1.09697885e-01
78.61           	1.20644934e-01
78.81           	1.20644934e-01
79.01           	1.20644934e-01
79.21           	1.22441533e-01
79.41           	1.22441533e-01
79.61           	1.14021208e-01
79.81           	1.14021208e-01
80.01           	1.14021208e-01
80.21           	1.05536314e-01
80.41           	1.05536314e-01
80.61           	1.00257239e-01
80.81           	1.00257239e-01
81.01           	1.00257239e-01
81.21           	9.51917889e-02
81.41           	9.51917889e-02
81.61           	9.26411927e-02
81.81           	9.26411927e-02
82.01           	9.26411927e-02
82.21           	9.30259212e-02
82.41           	9.30259212e-02
82.61           	9.68919360e-02
82.81           	9.68919360e-02
83.01           	9.68919360e-02
83.21           	1.02365142e-01
83.41           	1.02365142e-01
83.61           	1.11603720e-01
83.81           	1.11603720e-01
84.01           	1.11603720e-01
84.21           	1.20945225e-01
84.41           	1.20945225e-01
84.61           	1.20521997e-01
84.81           	1.20521997e-01
85.01           	1.20521997e-01
85.21           	1.12409498e-01
85.41           	1.12409498e-01
85.61           	1.03780384e-01
85.81           	1.03780384e-01
86.01           	1.03780384e-01
86.21           	1.00075301e-01
86.41           	1.00075301e-01
86.61           	9.87590607e-02
86.81           	9.87590607e-02
87.01           	9.87590607e-02
87.21           	9.58869373e-02
87.41           	9.58869373e-02
87.61           	9.52644206e-02
87.81           	9.52644206e-02
88.01           	9.52644206e-02
88.21           	9.63840503e-02
88.41           	9.63840503e-02
88.61           	1.03649344e-01
88.81           	1.03649344e-01
89.01           	1.03649344e-01
89.21           	1.14536004e-01
89.41           	1.14536004e-01
89.61           	1.20862464e-01
89.81           	1.20862464e-01
90.01           	1.20862464e-01
90.21           	1.16527009e-01
90.41           	1.16527009e-01
90.61           	1.05684112e-01
90.81           	1.05684112e-01
91.01           	1.05684112e-01
91.21           	1.00844536e-01
91.41           	1.00844536e-01
91.61           	9.85171767e-02
91.81           	9.85171767e-02
92.01           	9.85171767e-02
92.21           	9.49377643e-02
92.41           	9.49377643e-02
92.61           	9.22136242e-02
92.81           	9.22136242e-02
93.01           	9.22136242e-02
93.21           	9.22682578e-02
93.41           	9.22682578e-02
93.61           	9.78729391e-02
93.81           	9.78729391e-02
94.01           	9.78729391e-02
94.21           	1.07272531e-01
94.41           	1.07272531e-01
94.61           	1.16956990e-01
94.81           	1.16956990e-01
95.01           	1.16956990e-01
95.21           	1.20840766e-01
95.41           	1.20840766e-01
95.61           	1.15812027e-01
95.81           	1.15812027e-01
96.01           	1.15812027e-01
96.21           	1.09420356e-01
96.41           	1.09420356e-01
96.61           	1.06770678e-01
96.81           	1.06770678e-01
97.01           	1.06770678e-01
97.21           	1.00848139e-01
97.41           	1.00848139e-01
97.61           	9.43437696e-02
97.81           	9.43437696e-02
98.01           	9.43437696e-02
98.21           	9.40900613e-02
98.41           	9.40900613e-02
98.61           	9.99927899e-02
98.81           	9.99927899e-02
99.01           	9.99927899e-02
99.21           	1.06459124e-01
99.41           	1.06459124e-01
99.61           	1.13521755e-01
99.81           	1.13521755e-01
100.01          	1.13521755e-01
100.21          	1.18692962e-01
100.41          	1.18692962e-01
100.61          	1.22618140e-01
100.81          	1.22618140e-01
101.01          	1.22618140e-01
101.21          	1.18191686e-01
101.41          	1.18191686e-01
101.61          	1.10639782e-01
101.81          	1.10639782e-01
102.01          	1.10639782e-01
102.21          	1.06229302e-01
102.41          	1.06229302e-01
102.61          	1.03233689e-01
102.81          	1.03233689e-01
103.01          	1.03233689e-01
103.21          	9.94761844e-02
103.41          	9.94761844e-02
103.61          	9.93620849e-02
103.81          	9.93620849e-02
104.01          	9.93620849e-02
104.21          	9.97482649e-02
104.41          	9.97482649e-02
104.61          	1.03142080e-01
104.81          	1.03142080e-01
105.01          	1.03142080e-01
105.21          	1.12028781e-01
105.41          	1.12028781e-01
105.61          	1.20258080e-01
105.81          	1.20258080e-01
106.01          	1.20258080e-01
106.21          	1.19692612e-01
106.41          	1.19692612e-01
106.61          	1.11249460e-01
106.81          	1.11249460e-01
107.01          	1.11249460e-01
107.21          	1.03335044e-01
107.41          	1.03335044e-01
107.61          	1.00152147e-01
107.81          	1.00152147e-01
108.01          	1.00152147e-01
108.21          	9.92544959e-02
108.41          	9.92544959e-02
108.61          	9.74207205e-02
108.81          	9.74207205e-02
109.01          	9.74207205e-02
109.21          	9.40840455e-02
109.41          	9.40840455e-02
109.61          	9.62547933e-02
109.81          	9.62547933e-02
110.01          	9.62547933e-02
110.21          	1.04137205e-01
110.41          	1.04137205e-01
110.61          	1.13401143e-01
110.81          	1.13401143e-01
111.01          	1.13401143e-01
111.21          	1.19472134e-01
111.41          	1.19472134e-01
111.61          	1.19840699e-01
111.81          	1.19840699e-01
112.01          	1.19840699e-01
112.21          	1.17082252e-01
112.41          	1.17082252e-01
112.61          	1.13112421e-01
112.81          	1.13112421e-01
113.01          	1.13112421e-01
113.21          	1.08751236e-01
113.41          	1.08751236e-01
113.61          	1.04221047e-01
113.81          	1.04221047e-01
114.01          	1.04221047e-01
114.21          	1.01810619e-01
114.41          	1.01810619e-01
114.61          	9.88864796e-02
114.81          	9.88864796e-02
115.01          	9.88864796e-02
115.21          	9.96889083e-02
115.41          	9.96889083e-02
115.61          	1.06792084e-01
115.81          	1.06792084e-01
116.01          	1.06792084e-01
116.21          	1.12612673e-01
116.41          	1.12612673e-01
116.61          	1.19143155e-01
116.81          	1.19143155e-01
117.01          	1.19143155e-01
117.21          	1.18373241e-01
117.41          	1.18373241e-01
117.61          	1.14192705e-01
117.81          	1.14192705e-01
118.01          	1.14192705e-01
118.21          	1.09362749e-01
118.41          	1.09362749e-01
118.61          	1.04899814e-01
118.81          	1.04899814e-01
119.01          	1.04899814e-01
119.21          	9.92104320e-02
119.41          	9.92104320e-02
119.61          	9.42646712e-02
119.81          	9.42646712e-02
120.01          	9.42646712e-02
120.21          	9.48198862e-02
120.41          	9.48198862e-02
120.61          	9.76415289e-02
120.81          	9.76415289e-02
121.01          	9.76415289e-02
121.21          	1.04255288e-01
121.41          	1.04255288e-01
121.61          	1.14796554e-01
121.81          	1.14796554e-01
122.01          	1.14796554e-01
122.21          	1.20901247e-01
122.41          	1.20901247e-01
122.61          	1.18820775e-01
122.81          	1.18820775e-01
123.01          	1.18820775e-01
123.21          	1.12552065e-01
123.41          	1.12552065e-01
123.61          	1.04395834e-01
123.81          	1.04395834e-01
124.01          	1.04395834e-01
124.21          	1.00393360e-01
124.41          	1.00393360e-01
124.61          	9.78930119e-02
124.81          	9.78930119e-02
125.01          	9.78930119e-02
125.21          	9.78590622e-02
125.41          	9.78590622e-02
125.61          	9.98114344e-02
125.81          	9.98114344e-02
126.01          	9.98114344e-02
126.21          	1.00797473e-01
126.41          	1.00797473e-01
126.61          	1.05258695e-01
126.81          	1.05258695e-01
127.01          	1.05258695e-01
127.21          	1.14361129e-01
127.41          	1.14361129e-01
127.61          	1.19970363e-01
127.81          	1.19970363e-01
128.01          	1.19970363e-01
128.21          	1.18170342e-01
128.41          	1.18170342e-01
128.61          	1.12793787e-01
128.81          	1.12793787e-01
129.01          	1.12793787e-01
129.21          	1.04437262e-01
129.41          	1.04437262e-01
129.61          	1.00956274e-01
129.81          	1.00956274e-01
130.01          	1.00956274e-01
130.21          	1.00559219e-01
130.41          	1.00559219e-01
130.61          	9.93730025e-02
130.81          	9.93730025e-02
131.01          	9.93730025e-02
131.21          	9.89355187e-02
131.41          	9.89355187e-02
131.61          	1.02817351e-01
131.81          	1.02817351e-01
132.01          	1.02817351e-01
132.21          	1.14434970e-01
132.41          	1.14434970e-01
132.61          	1.23513035e-01
132.81          	1.23513035e-01
133.01          	1.23513035e-01
133.21          	1.22568128e-01
133.41          	1.22568128e-01
133.61          	1.15908711e-01
133.81          	1.15908711e-01
134.01          	1.15908711e-01
134.21          	1.07117040e-01
134.41          	1.07117040e-01
134.61          	1.03890920e-01
134.81          	1.03890920e-01
135.01          	1.03890920e-01
135.21          	1.02514578e-01
135.41          	1.02514578e-01
135.61          	9.74170546e-02
135.81          	9.74170546e-02
136.01          	9.74170546e-02
136.21          	9.63031710e-02
136.41          	9.63031710e-02
136.61          	1.00293094e-01
136.81          	1.00293094e-01
137.01          	1.00293094e-01
137.21          	1.08851260e-01
137.41          	1.08851260e-01
137.61          	1.15148911e-01
137.81          	1.15148911e-01
138.01          	1.15148911e-01
138.21          	1.18308609e-01
138.41          	1.18308609e-01
138.61          	1.15896874e-01
138.81          	1.15896874e-01
139.01          	1.15896874e-01
139.21          	1.11058383e-01
139.41          	1.11058383e-01
139.61          	1.05703182e-01
139.81          	1.05703182e-01
140.01          	1.05703182e-01
140.21          	1.03901273e-01
140.41          	1.03901273e-01
140.61          	1.00390437e-01
140.81          	1.00390437e-01
141.01          	1.00390437e-01
141.21          	9.81604303e-02
141.41          	9.81604303e-02
141.61          	1.00510153e-01
141.81          	1.00510153e-01
142.01          	1.00510153e-01
142.21          	1.05784214e-01
142.41          	1.05784214e-01
142.61          	1.12406749e-01
142.81          	1.12406749e-01
143.01          	1.12406749e-01
143.21          	1.21465341e-01
143.41          	1.21465341e-01
143.61          	1.25800678e-01
143.81          	1.25800678e-01
144.01          	1.25800678e-01
144.21          	1.21868552e-01
144.41          	1.21868552e-01
144.61          	1.16023094e-01
144.81          	1.16023094e-01
145.01          	1.16023094e-01
145.21          	1.07848607e-01
145.41          	1.07848607e-01
145.61          	1.01570733e-01
145.81          	1.01570733e-01
146.01          	1.01570733e-01
146.21          	9.81006106e-02
146.41          	9.81006106e-02
146.61          	9.79486323e-02
146.81          	9.79486323e-02
147.01          	9.79486323e-02
147.21          	1.02003023e-01
147.41          	1.02003023e-01
147.61          	1.05058614e-01
147.81          	1.05058614e-01
148.01          	1.05058614e-01
148.21          	1.12547879e-01
148.41          	1.12547879e-01
148.61          	1.21743195e-01
148.81          	1.21743195e-01
149.01          	1.21743195e-01
149.21          	1.25574582e-01
149.41          	1.25574582e-01
149.61          	1.17839161e-01
149.81          	1.17839161e-01
150.01          	1.17839161e-01
150.21          	1.08919529e-01
150.41          	1.08919529e-01
150.61          	1.04580626e-01
150.81          	1.04580626e-01
151.01          	1.04580626e-01
151.21          	1.00751983e-01
151.41          	1.00751983e-01
151.61          	9.87134065e-02
151.81          	9.87134065e-02
152.01          	9.87134065e-02
152.21          	9.86856491e-02
152.41          	9.86856491e-02
152.61          	1.03550143e-01
152.81          	1.03550143e-01
153.01          	1.03550143e-01
153.21          	1.11536619e-01
153.41          	1.11536619e-01
153.61          	1.19042206e-01
153.81          	1.19042206e-01
154.01          	1.19042206e-01
154.21          	1.23563228e-01
154.41          	1.23563228e-01
154.61          	1.20553520e-01
154.81          	1.20553520e-01
155.01          	1.20553520e-01
155.21          	1.14150100e-01
155.41          	1.14150100e-01
155.61          	1.05928570e-01
155.81          	1.05928570e-01
156.01          	1.05928570e-01
156.21          	1.05264920e-01
156.41          	1.05264920e-01
156.61          	1.03203139e-01
156.81          	1.03203139e-01
157.01          	1.03203139e-01
157.21          	9.84278671e-02
157.41          	9.84278671e-02
157.61          	9.45828616e-02
157.81          	9.45828616e-02
158.01          	9.45828616e-02
158.21          	1.00141879e-01
158.41          	1.00141879e-01
158.61          	1.14335210e-01
158.81          	1.14335210e-01
159.01          	1.14335210e-01
159.21          	1.25065603e-01
159.41          	1.25065603e-01
159.61          	1.26833233e-01
159.81          	1.26833233e-01
160.01          	1.26833233e-01
160.21          	1.21802246e-01
160.41          	1.21802246e-01
160.61          	1.11567020e-01
160.81          	1.11567020e-01
161.01          	1.11567020e-01
161.21          	1.06729543e-01
161.41          	1.06729543e-01
161.61          	1.03732026e-01
161.81          	1.03732026e-01
162.01          	1.03732026e-01
162.21          	9.74372631e-02
162.41          	9.74372631e-02
162.61          	9.67283780e-02
162.81          	9.67283780e-02
163.01          	9.67283780e-02
163.21          	9.96597725e-02
163.41          	9.96597725e-02
163.61          	1.05446208e-01
163.81          	1.05446208e-01
164.01          	1.05446208e-01
164.21          	1.14751331e-01
164.41          	1.14751331e-01
164.61          	1.23240262e-01
164.81          	1.23240262e-01
165.01          	1.23240262e-01
165.21          	1.21763082e-01
165.41          	1.21763082e-01
165.61          	1.16611235e-01
165.81          	1.16611235e-01
166.01          	1.16611235e-01
166.21          	1.09877261e-01
166.41          	1.09877261e-01
166.61          	1.05842883e-01
166.81          	1.05842883e-01
167.01          	1.05842883e-01
167.21          	1.00729615e-01
167.41          	1.00729615e-01
167.61          	9.64366137e-02
167.81          	9.64366137e-02
168.01          	9.64366137e-02
168.21          	9.70572148e-02
168.41          	9.70572148e-02
168.61          	1.03122066e-01
168.81          	1.03122066e-01
169.01          	1.03122066e-01
169.21          	1.09559621e-01
169.41          	1.09559621e-01
169.61          	1.17929552e-01
169.81          	1.17929552e-01
170.01          	1.17929552e-01
170.21          	1.23864293e-01
170.41          	1.23864293e-01
170.61          	1.23967251e-01
170.81          	1.23967251e-01
171.01          	1.23967251e-01
171.21          	1.17892728e-01
171.41          	1.17892728e-01
171.61          	1.10516309e-01
171.81          	1.10516309e-01
172.01          	1.10516309e-01
172.21          	1.04536737e-01
172.41          	1.04536737e-01
172.61          	9.97663223e-02
172.81          	9.97663223e-02
173.01          	9.97663223e-02
173.21          	9.85462207e-02
173.41          	9.85462207e-02
173.61          	9.69231792e-02
173.81          	9.69231792e-02
174.01          	9.69231792e-02
174.21          	9.82354695e-02
174.41          	9.82354695e-02
174.61          	1.06130073e-01
174.81          	1.06130073e-01
175.01          	1.06130073e-01
175.21          	1.15676341e-01
175.41          	1.15676341e-01
175.61          	1.22129034e-01
175.81          	1.22129034e-01
176.01          	1.22129034e-01
176.21          	1.21648341e-01
176.41          	1.21648341e-01
176.61          	1.16522106e-01
176.81          	1.16522106e-01
177.01          	1.16522106e-01
177.21          	1.11925096e-01
177.41          	1.11925096e-01
177.61          	1.09280556e-01
177.81          	1.09280556e-01
178.01          	1.09280556e-01
178.21          	1.05108328e-01
178.41          	1.05108328e-01
178.61          	1.01117622e-01
178.81          	1.01117622e-01
179.01          	1.01117622e-01
179.21          	1.00484846e-01
179.41          	1.00484846e-01
179.61          	1.02401300e-01
179.81          	1.02401300e-01
180.01          	1.02401300e-01
180.21          	1.08455888e-01
180.41          	1.08455888e-01
180.61          	1.15862499e-01
180.81          	1.15862499e-01
181.01          	1.15862499e-01
181.21          	1.21271112e-01
181.41          	1.21271112e-01
181.61          	1.22473669e-01
181.81          	1.22473669e-01
182.01          	1.22473669e-01
182.21          	1.15098110e-01
182.41          	1.15098110e-01
182.61          	1.08654514e-01
182.81          	1.08654514e-01
183.01          	1.08654514e-01
183.21          	1.07069413e-01
183.41          	1.07069413e-01
183.61          	1.02547549e-01
183.81          	1.02547549e-01
184.01          	1.02547549e-01
184.21          	9.89765786e-02
184.41          	9.89765786e-02
184.61          	9.80133484e-02
184.81          	9.80133484e-02
185.01          	9.80133484e-02
185.21          	1.00266899e-01
185.41          	1.00266899e-01
185.61          	1.06261484e-01
185.81          	1.06261484e-01
186.01          	1.06261484e-01
186.21          	1.12131263e-01
186.41          	1.12131263e-01
186.61          	1.20475374e-01
186.81          	1.20475374e-01
187.01          	1.20475374e-01
187.21          	1.22235310e-01
187.41          	1.22235310e-01
187.61          	1.13654502e-01
187.81          	1.13654502e-01
188.01          	1.13654502e-01
188.21          	1.07587801e-01
188.41          	1.07587801e-01
188.61          	1.04873522e-01
188.81          	1.04873522e-01
189.01          	1.04873522e-01
189.21          	9.99104308e-02
189.41          	9.99104308e-02
189.61          	9.78549877e-02
189.81          	9.78549877e-02
190.01          	9.78549877e-02
190.21          	9.86172389e-02
190.41          	9.86172389e-02
190.61          	1.03747900e-01
190.81          	1.03747900e-01
191.01          	1.03747900e-01
191.21          	1.12615113e-01
191.41          	1.12615113e-01
191.61          	1.22228380e-01
191.81          	1.22228380e-01
192.01          	1.22228380e-01
192.21          	1.28052665e-01
192.41          	1.28052665e-01
192.61          	1.25960833e-01
192.81          	1.25960833e-01
193.01          	1.25960833e-01
193.21          	1.15605482e-01
193.41          	1.15605482e-01
193.61          	1.10379756e-01
193.81          	1.10379756e-01
194.01          	1.10379756e-01
194.21          	1.05691442e-01
194.41          	1.05691442e-01
194.61          	1.01138367e-01
194.81          	1.01138367e-01
195.01          	1.01138367e-01
195.21          	9.78118663e-02
195.41          	9.78118663e-02
195.61          	9.91789186e-02
195.81          	9.91789186e-02
196.01          	9.91789186e-02
196.21          	1.06014034e-01
196.41          	1.06014034e-01
196.61          	1.12844032e-01
196.81          	1.12844032e-01
197.01          	1.12844032e-01
197.21          	1.22595395e-01
197.41          	1.22595395e-01
197.61          	1.26608448e-01
197.81          	1.26608448e-01
198.01          	1.26608448e-01
198.21          	1.16983871e-01
198.41          	1.16983871e-01
198.61          	1.06229338e-01
198.81          	1.06229338e-01
199.01          	1.06229338e-01
199.21          	1.02162076e-01
199.41          	1.02162076e-01
199.61          	1.01166348e-01
199.81          	1.01166348e-01
200.01          	1.01166348e-01
200.21          	9.89472701e-02
200.41          	9.89472701e-02
200.61          	9.51077729e-02
200.81          	9.51077729e-02
201.01          	9.51077729e-02
201.21          	9.57447167e-02
201.41          	9.57447167e-02
201.61          	1.01374466e-01
201.81          	1.01374466e-01
202.01          	1.01374466e-01
202.21          	1.13113076e-01
202.41          	1.13113076e-01
202.61          	1.21662093e-01
202.81          	1.21662093e-01
203.01          	1.21662093e-01
203.21          	1.25334465e-01
203.41          	1.25334465e-01
203.61          	1.14923875e-01
203.81          	1.14923875e-01
204.01          	1.14923875e-01
204.21          	1.06380539e-01
204.41          	1.06380539e-01
204.61          	1.04751631e-01
204.81          	1.04751631e-01
205.01          	1.04751631e-01
205.21          	1.01267519e-01
205.41          	1.01267519e-01
205.61          	9.71053656e-02
205.81          	9.71053656e-02
206.01          	9.71053656e-02
206.21          	9.80534371e-02
206.41          	9.80534371e-02
206.61          	1.03461238e-01
206.81          	1.03461238e-01
207.01          	1.03461238e-01
207.21          	1.07900647e-01
207.41          	1.07900647e-01
207.61          	1.13619067e-01
207.81          	1.13619067e-01
208.01          	1.13619067e-01
208.21          	1.21103406e-01
208.41          	1.21103406e-01
208.61          	1.25615169e-01
208.81          	1.25615169e-01
209.01          	1.25615169e-01
209.21          	1.19339325e-01
209.41          	1.19339325e-01
209.61          	1.13882447e-01
209.81          	1.13882447e-01
210.01          	1.13882447e-01
210.21          	1.11321591e-01
210.41          	1.11321591e-01
210.61          	1.06032809e-01
210.81          	1.06032809e-01
211.01          	1.06032809e-01
211.21          	1.00382570e-01
211.41          	1.00382570e-01
211.61          	9.98587070e-02
211.81          	9.98587070e-02
212.01          	9.98587070e-02
212.21          	1.01657473e-01
212.41          	1.01657473e-01
212.61          	1.04177877e-01
212.81          	1.04177877e-01
213.01          	1.04177877e-01
213.21          	1.13831235e-01
213.41          	1.13831235e-01
213.61          	1.22413536e-01
213.81          	1.22413536e-01
214.01          	1.22413536e-01
214.21          	1.27168438e-01
214.41          	1.27168438e-01
214.61          	1.22859078e-01
214.81          	1.22859078e-01
215.01          	1.22859078e-01
215.21          	1.13678731e-01
215.41          	1.13678731e-01
215.61          	1.08217558e-01
215.81          	1.08217558e-01
216.01          	1.08217558e-01
216.21          	1.04167916e-01
216.41          	1.04167916e-01
216.61          	1.02142633e-01
216.81          	1.02142633e-01
217.01          	1.02142633e-01
217.21          	9.97659499e-02
217.41          	9.97659499e-02
217.61          	1.00909563e-01
217.81          	1.00909563e-01
218.01          	1.00909563e-01
218.21          	1.05006126e-01
218.41          	1.05006126e-01
218.61          	1.13074761e-01
218.81          	1.13074761e-01
219.01          	1.13074761e-01
219.21          	1.21175928e-01
219.41          	1.21175928e-01
219.61          	1.24831073e-01
219.81          	1.24831073e-01
220.01          	1.24831073e-01
220.21          	1.19773397e-01
220.41          	1.19773397e-01
220.61          	1.09853175e-01
220.81          	1.09853175e-01
221.01          	1.09853175e-01
221.21          	1.07740645e-01
221.41          	1.07740645e-01
221.61          	1.06713739e-01
221.81          	1.06713739e-01
222.01          	1.06713739e-01
222.21          	1.01918847e-01
222.41          	1.01918847e-01
222.61          	9.97722381e-02
222.81          	9.97722381e-02
223.01          	9.97722381e-02
223.21          	1.00078848e-01
223.41          	1.00078848e-01
223.61          	1.06274336e-01
223.81          	1.06274336e-01
224.01          	1.06274336e-01
224.21          	1.14711130e-01
224.41          	1.14711130e-01
224.61          	1.22899609e-01
224.81          	1.22899609e-01
225.01          	1.22899609e-01
225.21          	1.27840662e-01
225.41          	1.27840662e-01
225.61          	1.19699665e-01
225.81          	1.19699665e-01
226.01          	1.19699665e-01
226.21          	1.10429088e-01
226.41          	1.10429088e-01
226.61          	1.06798628e-01
226.81          	1.06798628e-01
227.01          	1.06798628e-01
227.21          	1.02533106e-01
227.41          	1.02533106e-01
227.61          	9.76298189e-02
227.81          	9.76298189e-02
228.01          	9.76298189e-02
228.21          	9.79477534e-02
228.41          	9.79477534e-02
228.61          	1.02565825e-01
228.81          	1.02565825e-01
229.01          	1.02565825e-01
229.21          	1.08092500e-01
229.41          	1.08092500e-01
229.61          	1.17290433e-01
229.81          	1.17290433e-01
230.01          	1.17290433e-01
230.21          	1.23453210e-01
230.41          	1.23453210e-01
230.61          	1.25670885e-01
230.81          	1.25670885e-01
231.01          	1.25670885e-01
231.21          	1.20388247e-01
231.41          	1.20388247e-01
231.61          	1.14696820e-01
231.81          	1.14696820e-01
232.01          	1.14696820e-01
232.21          	1.09273711e-01
232.41          	1.09273711e-01
232.61          	1.03394316e-01
232.81          	1.03394316e-01
233.01          	1.03394316e-01
233.21          	9.96197419e-02
233.41          	9.96197419e-02
233.61          	9.93677568e-02
233.81          	9.93677568e-02
234.01          	9.93677568e-02
234.21          	1.05669899e-01
234.41          	1.05669899e-01
234.61          	1.12067345e-01
234.81          	1.12067345e-01
235.01          	1.12067345e-01
235.21          	1.18046850e-01
235.41          	1.18046850e-01
235.61          	1.22142195e-01
235.81          	1.22142195e-01
236.01          	1.22142195e-01
236.21          	1.17922434e-01
236.41          	1.17922434e-01
236.61          	1.10859073e-01
236.81          	1.10859073e-01
237.01          	1.10859073e-01
237.21          	1.08163422e-01
237.41          	1.08163422e-01
237.61          	1.05798480e-01
237.81          	1.05798480e-01
238.01          	1.05798480e-01
238.21          	1.04154805e-01
238.41          	1.04154805e-01
238.61          	1.02613616e-01
238.81          	1.02613616e-01
239.01          	1.02613616e-01
239.21          	1.02770963e-01
239.41          	1.02770963e-01
239.61          	1.05004692e-01
239.81          	1.05004692e-01
240.01          	1.05004692e-01
240.21          	1.10165067e-01
240.41          	1.10165067e-01
240.61          	1.17724237e-01
240.81          	1.17724237e-01
241.01          	1.17724237e-01
241.21          	1.19205824e-01
241.41          	1.19205824e-01
241.61          	1.16422685e-01
241.81          	1.16422685e-01
242.01          	1.16422685e-01
242.21          	1.14349211e-01
242.41          	1.14349211e-01
242.61          	1.09280986e-01
242.81          	1.09280986e-01
243.01          	1.09280986e-01
243.21          	1.06779671e-01
243.41          	1.06779671e-01
243.61          	1.04824660e-01
243.81          	1.04824660e-01
244.01          	1.04824660e-01
244.21          	1.03100105e-01
244.41          	1.03100105e-01
244.61          	1.03966589e-01
244.81          	1.03966589e-01
245.01          	1.03966589e-01
245.21          	1.07487308e-01
245.41          	1.07487308e-01
245.61          	1.12805593e-01
245.81          	1.12805593e-01
246.01          	1.12805593e-01
246.21          	1.17113244e-01
246.41          	1.17113244e-01
246.61          	1.17359976e-01
246.81          	1.17359976e-01
247.01          	1.17359976e-01
247.21          	1.18268384e-01
247.41          	1.18268384e-01
247.61          	1.13278924e-01
247.81          	1.13278924e-01
248.01          	1.13278924e-01
248.21          	1.05104944e-01
248.41          	1.05104944e-01
248.61          	9.95389567e-02
248.81          	9.95389567e-02
249.01          	9.95389567e-02
249.21          	9.84521268e-02
249.41          	9.84521268e-02
249.61          	1.00505784e-01
249.81          	1.00505784e-01
250.01          	1.00505784e-01
250.21          	1.02666054e-01
250.41          	1.02666054e-01
250.61          	1.06400458e-01
250.81          	1.06400458e-01
251.01          	1.06400458e-01
251.21          	1.12117435e-01
251.41          	1.12117435e-01
251.61          	1.18630973e-01
251.81          	1.18630973e-01
252.01          	1.18630973e-01
252.21          	1.20721588e-01
252.41          	1.20721588e-01
252.61          	1.22558856e-01
252.81          	1.22558856e-01
253.01          	1.22558856e-01
253.21          	1.21119828e-01
253.41          	1.21119828e-01
253.61          	1.12930992e-01
253.81          	1.12930992e-01
254.01          	1.12930992e-01
254.21          	1.06248353e-01
254.41          	1.06248353e-01
254.61          	1.03540894e-01
254.81          	1.03540894e-01
255.01          	1.03540894e-01
255.21          	1.03875268e-01
255.41          	1.03875268e-01
255.61          	1.05032660e-01
255.81          	1.05032660e-01
256.01          	1.05032660e-01
256.21          	1.07459111e-01
256.41          	1.07459111e-01
256.61          	1.12060968e-01
256.81          	1.12060968e-01
257.01          	1.12060968e-01
257.21          	1.16951783e-01
257.41          	1.16951783e-01
257.61          	1.19058241e-01
257.81          	1.19058241e-01
258.01          	1.19058241e-01
258.21          	1.14119414e-01
258.41          	1.14119414e-01
258.61          	1.08621403e-01
258.81          	1.08621403e-01
259.01          	1.08621403e-01
259.21          	1.04855207e-01
259.41          	1.04855207e-01
259.61          	1.01692336e-01
259.81          	1.01692336e-01
260.01          	1.01692336e-01
260.21          	1.02216879e-01
260.41          	1.02216879e-01
260.61          	1.00934656e-01
260.81          	1.00934656e-01
261.01          	1.00934656e-01
261.21          	1.02737848e-01
261.41          	1.02737848e-01
261.61          	1.08517539e-01
261.81          	1.08517539e-01
262.01          	1.08517539e-01
262.21          	1.16998411e-01
262.41          	1.16998411e-01
262.61          	1.21503167e-01
262.81          	1.21503167e-01
263.01          	1.21503167e-01
263.21          	1.20484215e-01
263.41          	1.20484215e-01
263.61          	1.18322610e-01
263.81          	1.18322610e-01
264.01          	1.18322610e-01
264.21          	1.11708643e-01
264.41          	1.11708643e-01
264.61          	1.04679556e-01
264.81          	1.04679556e-01
265.01          	1.04679556e-01
265.21          	1.01646198e-01
265.41          	1.01646198e-01
265.61          	9.88025304e-02
265.81          	9.88025304e-02
266.01          	9.88025304e-02
266.21          	9.72822114e-02
266.41          	9.72822114e-02
266.61          	1.02429482e-01
266.81          	1.02429482e-01
267.01          	1.02429482e-01
267.21          	1.11613753e-01
267.41          	1.11613753e-01
267.61          	1.19933157e-01
267.81          	1.19933157e-01
268.01          	1.19933157e-01
268.21          	1.18496376e-01
268.41          	1.18496376e-01
268.61          	1.15459996e-01
268.81          	1.15459996e-01
269.01          	1.15459996e-01
269.21          	1.11378051e-01
269.41          	1.11378051e-01
269.61          	1.06108178e-01
269.81          	1.06108178e-01
270.01          	1.06108178e-01
270.21          	1.04002753e-01
270.41          	1.04002753e-01
270.61          	1.01692407e-01
270.81          	1.01692407e-01
271.01          	1.01692407e-01
271.21          	9.87190557e-02
271.41          	9.87190557e-02
271.61          	1.00760544e-01
271.81          	1.00760544e-01
272.01          	1.00760544e-01
272.21          	1.08413292e-01
272.41          	1.08413292e-01
272.61          	1.15812139e-01
272.81          	1.15812139e-01
273.01          	1.15812139e-01
273.21          	1.17624425e-01
273.41          	1.17624425e-01
273.61          	1.18597583e-01
273.81          	1.18597583e-01
274.01          	1.18597583e-01
274.21          	1.19194890e-01
274.41          	1.19194890e-01
274.61          	1.18664473e-01
274.81          	1.18664473e-01
275.01          	1.18664473e-01
275.21          	1.13539754e-01
275.41          	1.13539754e-01
275.61          	1.05904445e-01
275.81          	1.05904445e-01
276.01          	1.05904445e-01
276.21          	1.02226544e-01
276.41          	1.02226544e-01
276.61          	1.03175111e-01
276.81          	1.03175111e-01
277.01          	1.03175111e-01
277.21          	1.06880403e-01
277.41          	1.06880403e-01
277.61          	1.08895342e-01
277.81          	1.08895342e-01
278.01          	1.08895342e-01
278.21          	1.13414870e-01
278.41          	1.13414870e-01
278.61          	1.14456665e-01
278.81          	1.14456665e-01
279.01          	1.14456665e-01
279.21          	1.13491963e-01
279.41          	1.13491963e-01
279.61          	1.14493623e-01
279.81          	1.14493623e-01
280.01          	1.14493623e-01
280.21          	1.11584433e-01
280.41          	1.11584433e-01
280.61          	1.04692157e-01
280.81          	1.04692157e-01
281.01          	1.04692157e-01
281.21          	9.89633374e-02
281.41          	9.89633374e-02
281.61          	1.02993769e-01
281.81          	1.02993769e-01
282.01          	1.02993769e-01
282.21          	1.08369417e-01
282.41          	1.08369417e-01
282.61          	1.10681651e-01
282.81          	1.10681651e-01
283.01          	1.10681651e-01
283.21          	1.13856623e-01
283.41          	1.13856623e-01
283.61          	1.11473585e-01
283.81          	1.11473585e-01
284.01          	1.11473585e-01
284.21          	1.09786746e-01
284.41          	1.09786746e-01
284.61          	1.12011696e-01
284.81          	1.12011696e-01
285.01          	1.12011696e-01
285.21          	1.13540590e-01
285.41          	1.13540590e-01
285.61          	1.11731959e-01
285.81          	1.11731959e-01
286.01          	1.11731959e-01
286.21          	1.03811689e-01
286.41          	1.03811689e-01
286.61          	9.95833244e-02
286.81          	9.95833244e-02
287.01          	9.95833244e-02
287.21          	1.01217518e-01
287.41          	1.01217518e-01
287.61          	1.04340379e-01
287.81          	1.04340379e-01
288.01          	1.04340379e-01
288.21          	1.06586139e-01
288.41          	1.06586139e-01
288.61          	1.07762179e-01
288.81          	1.07762179e-01
289.01          	1.07762179e-01
289.21          	1.07963687e-01
289.41          	1.07963687e-01
289.61          	1.09947887e-01
289.81          	1.09947887e-01
290.01          	1.09947887e-01
290.21          	1.13313839e-01
290.41          	1.13313839e-01
290.61          	1.13399256e-01
290.81          	1.13399256e-01
291.01          	1.13399256e-01
291.21          	1.08964852e-01
291.41          	1.08964852e-01
291.61          	1.03456236e-01
291.81          	1.03456236e-01
292.01          	1.03456236e-01
292.21          	1.00272754e-01
292.41          	1.00272754e-01
292.61          	1.02905380e-01
292.81          	1.02905380e-01
293.01          	1.02905380e-01
293.21          	1.05545956e-01
293.41          	1.05545956e-01
293.61          	1.07850951e-01
293.81          	1.07850951e-01
294.01          	1.07850951e-01
294.21          	1.09919695e-01
294.41          	1.09919695e-01
294.61          	1.10796271e-01
294.81          	1.10796271e-01
295.01          	1.10796271e-01
295.21          	1.13839611e-01
295.41          	1.13839611e-01
295.61          	1.17421076e-01
295.81          	1.17421076e-01
296.01          	1.17421076e-01
296.21          	1.15406954e-01
296.41          	1.15406954e-01
296.61          	1.05121763e-01
296.81          	1.05121763e-01
297.01          	1.05121763e-01
297.21          	9.90183903e-02
297.41          	9.90183903e-02
297.61          	1.00639359e-01
297.81          	1.00639359e-01
298.01          	1.00639359e-01
298.21          	1.01968286e-01
298.41          	1.01968286e-01
298.61          	1.05501311e-01
298.81          	1.05501311e-01
299.01          	1.05501311e-01
299.21          	1.10759186e-01
299.41          	1.10759186e-01
299.61          	1.10583308e-01
299.81          	1.10583308e-01
