# Region type : faceZone OutSurface
# Faces  :      492
# Area   :      3.95884188e+01
# Time          	areaAverage(surfaceInterpolate(p))
0.01            
0.21            	0.00000000e+00
0.41            	0.00000000e+00
0.61            	-1.40045191e-02
0.81            	-1.40045191e-02
1.01            	-1.40045191e-02
1.21            	-4.95070725e-02
1.41            	-4.95070725e-02
1.61            	-7.10284041e-02
1.81            	-7.10284041e-02
2.01            	-7.10284041e-02
2.21            	-5.82405943e-02
2.41            	-5.82405943e-02
2.61            	-4.96501060e-02
2.81            	-4.96501060e-02
3.01            	-4.96501060e-02
3.21            	-3.53074273e-02
3.41            	-3.53074273e-02
3.61            	-3.25849811e-02
3.81            	-3.25849811e-02
4.01            	-3.25849811e-02
4.21            	-2.46667679e-02
4.41            	-2.46667679e-02
4.61            	-2.05573157e-02
4.81            	-2.05573157e-02
5.01            	-2.05573157e-02
5.21            	-1.67667134e-02
5.41            	-1.67667134e-02
5.61            	-1.25033557e-02
5.81            	-1.25033557e-02
6.01            	-1.25033557e-02
6.21            	-9.01885680e-03
6.41            	-9.01885680e-03
6.61            	-7.01791678e-03
6.81            	-7.01791678e-03
7.01            	-7.01791678e-03
7.21            	-8.90178090e-03
7.41            	-8.90178090e-03
7.61            	-1.05436062e-02
7.81            	-1.05436062e-02
8.01            	-1.05436062e-02
8.21            	-1.37597447e-02
8.41            	-1.37597447e-02
8.61            	-1.72382528e-02
8.81            	-1.72382528e-02
9.01            	-1.72382528e-02
9.21            	-1.88106134e-02
9.41            	-1.88106134e-02
9.61            	-1.88189421e-02
9.81            	-1.88189421e-02
10.01           	-1.88189421e-02
10.21           	-1.87505416e-02
10.41           	-1.87505416e-02
10.61           	-2.37106169e-02
10.81           	-2.37106169e-02
11.01           	-2.37106169e-02
11.21           	-3.65751472e-02
11.41           	-3.65751472e-02
11.61           	-5.17428262e-02
11.81           	-5.17428262e-02
12.01           	-5.17428262e-02
12.21           	-6.72273839e-02
12.41           	-6.72273839e-02
12.61           	-8.58254763e-02
12.81           	-8.58254763e-02
13.01           	-8.58254763e-02
13.21           	-1.07430458e-01
13.41           	-1.07430458e-01
13.61           	-1.53764625e-01
13.81           	-1.53764625e-01
14.01           	-1.53764625e-01
14.21           	-2.17127013e-01
14.41           	-2.17127013e-01
14.61           	-2.52661318e-01
14.81           	-2.52661318e-01
15.01           	-2.52661318e-01
15.21           	-2.35632708e-01
15.41           	-2.35632708e-01
15.61           	-2.02854677e-01
15.81           	-2.02854677e-01
16.01           	-2.02854677e-01
16.21           	-1.94556133e-01
16.41           	-1.94556133e-01
16.61           	-1.82734466e-01
16.81           	-1.82734466e-01
17.01           	-1.82734466e-01
17.21           	-1.68414747e-01
17.41           	-1.68414747e-01
17.61           	-1.74685036e-01
17.81           	-1.74685036e-01
18.01           	-1.74685036e-01
18.21           	-2.11608548e-01
18.41           	-2.11608548e-01
18.61           	-2.57235521e-01
18.81           	-2.57235521e-01
19.01           	-2.57235521e-01
19.21           	-2.86797611e-01
19.41           	-2.86797611e-01
19.61           	-2.80085649e-01
19.81           	-2.80085649e-01
20.01           	-2.80085649e-01
20.21           	-2.42583830e-01
20.41           	-2.42583830e-01
20.61           	-1.98983806e-01
20.81           	-1.98983806e-01
21.01           	-1.98983806e-01
21.21           	-1.44090808e-01
21.41           	-1.44090808e-01
21.61           	-1.05698888e-01
21.81           	-1.05698888e-01
22.01           	-1.05698888e-01
22.21           	-9.77922870e-02
22.41           	-9.77922870e-02
22.61           	-1.09227614e-01
22.81           	-1.09227614e-01
23.01           	-1.09227614e-01
23.21           	-1.26382274e-01
23.41           	-1.26382274e-01
23.61           	-1.47362005e-01
23.81           	-1.47362005e-01
24.01           	-1.47362005e-01
24.21           	-1.84538222e-01
24.41           	-1.84538222e-01
24.61           	-2.16569049e-01
24.81           	-2.16569049e-01
25.01           	-2.16569049e-01
25.21           	-2.43391717e-01
25.41           	-2.43391717e-01
25.61           	-2.51334021e-01
25.81           	-2.51334021e-01
26.01           	-2.51334021e-01
26.21           	-2.34200643e-01
26.41           	-2.34200643e-01
26.61           	-1.99952385e-01
26.81           	-1.99952385e-01
27.01           	-1.99952385e-01
27.21           	-1.54828955e-01
27.41           	-1.54828955e-01
27.61           	-1.16047709e-01
27.81           	-1.16047709e-01
28.01           	-1.16047709e-01
28.21           	-9.40086712e-02
28.41           	-9.40086712e-02
28.61           	-9.08379872e-02
28.81           	-9.08379872e-02
29.01           	-9.08379872e-02
29.21           	-9.49801871e-02
29.41           	-9.49801871e-02
29.61           	-1.02245425e-01
29.81           	-1.02245425e-01
30.01           	-1.02245425e-01
30.21           	-1.10537258e-01
30.41           	-1.10537258e-01
30.61           	-1.15879690e-01
30.81           	-1.15879690e-01
31.01           	-1.15879690e-01
31.21           	-1.13673529e-01
31.41           	-1.13673529e-01
31.61           	-1.19141868e-01
31.81           	-1.19141868e-01
32.01           	-1.19141868e-01
32.21           	-1.26698388e-01
32.41           	-1.26698388e-01
32.61           	-1.25925413e-01
32.81           	-1.25925413e-01
33.01           	-1.25925413e-01
33.21           	-1.17756817e-01
33.41           	-1.17756817e-01
33.61           	-1.12920313e-01
33.81           	-1.12920313e-01
34.01           	-1.12920313e-01
34.21           	-1.15376376e-01
34.41           	-1.15376376e-01
34.61           	-1.18670145e-01
34.81           	-1.18670145e-01
35.01           	-1.18670145e-01
35.21           	-1.18857364e-01
35.41           	-1.18857364e-01
35.61           	-1.12685056e-01
35.81           	-1.12685056e-01
36.01           	-1.12685056e-01
36.21           	-1.11691528e-01
36.41           	-1.11691528e-01
36.61           	-1.09959770e-01
36.81           	-1.09959770e-01
37.01           	-1.09959770e-01
37.21           	-9.92440817e-02
37.41           	-9.92440817e-02
37.61           	-9.13305678e-02
37.81           	-9.13305678e-02
38.01           	-9.13305678e-02
38.21           	-8.74864094e-02
38.41           	-8.74864094e-02
38.61           	-9.83263363e-02
38.81           	-9.83263363e-02
39.01           	-9.83263363e-02
39.21           	-1.20802551e-01
39.41           	-1.20802551e-01
39.61           	-1.47100679e-01
39.81           	-1.47100679e-01
40.01           	-1.47100679e-01
40.21           	-1.59035889e-01
40.41           	-1.59035889e-01
40.61           	-1.50292197e-01
40.81           	-1.50292197e-01
41.01           	-1.50292197e-01
41.21           	-1.30244583e-01
41.41           	-1.30244583e-01
41.61           	-1.15051850e-01
41.81           	-1.15051850e-01
42.01           	-1.15051850e-01
42.21           	-1.03192488e-01
42.41           	-1.03192488e-01
42.61           	-9.77803224e-02
42.81           	-9.77803224e-02
43.01           	-9.77803224e-02
43.21           	-8.81398153e-02
43.41           	-8.81398153e-02
43.61           	-8.92327138e-02
43.81           	-8.92327138e-02
44.01           	-8.92327138e-02
44.21           	-1.05598297e-01
44.41           	-1.05598297e-01
44.61           	-1.25480618e-01
44.81           	-1.25480618e-01
45.01           	-1.25480618e-01
45.21           	-1.36933917e-01
45.41           	-1.36933917e-01
45.61           	-1.31322086e-01
45.81           	-1.31322086e-01
46.01           	-1.31322086e-01
46.21           	-1.28558597e-01
46.41           	-1.28558597e-01
46.61           	-1.23222261e-01
46.81           	-1.23222261e-01
47.01           	-1.23222261e-01
47.21           	-1.15504335e-01
47.41           	-1.15504335e-01
47.61           	-1.07608926e-01
47.81           	-1.07608926e-01
48.01           	-1.07608926e-01
48.21           	-9.66730148e-02
48.41           	-9.66730148e-02
48.61           	-9.12402469e-02
48.81           	-9.12402469e-02
49.01           	-9.12402469e-02
49.21           	-9.91094903e-02
49.41           	-9.91094903e-02
49.61           	-1.11318089e-01
49.81           	-1.11318089e-01
50.01           	-1.11318089e-01
50.21           	-1.26543047e-01
50.41           	-1.26543047e-01
50.61           	-1.38891446e-01
50.81           	-1.38891446e-01
51.01           	-1.38891446e-01
51.21           	-1.39396121e-01
51.41           	-1.39396121e-01
51.61           	-1.31830532e-01
51.81           	-1.31830532e-01
52.01           	-1.31830532e-01
52.21           	-1.19195309e-01
52.41           	-1.19195309e-01
52.61           	-1.06695871e-01
52.81           	-1.06695871e-01
53.01           	-1.06695871e-01
53.21           	-9.59713450e-02
53.41           	-9.59713450e-02
53.61           	-9.31817466e-02
53.81           	-9.31817466e-02
54.01           	-9.31817466e-02
54.21           	-1.03129022e-01
54.41           	-1.03129022e-01
54.61           	-1.17223633e-01
54.81           	-1.17223633e-01
55.01           	-1.17223633e-01
55.21           	-1.24892576e-01
55.41           	-1.24892576e-01
55.61           	-1.22920633e-01
55.81           	-1.22920633e-01
56.01           	-1.22920633e-01
56.21           	-1.15432200e-01
56.41           	-1.15432200e-01
56.61           	-1.05341054e-01
56.81           	-1.05341054e-01
57.01           	-1.05341054e-01
57.21           	-9.12557168e-02
57.41           	-9.12557168e-02
57.61           	-8.00798821e-02
57.81           	-8.00798821e-02
58.01           	-8.00798821e-02
58.21           	-7.67699573e-02
58.41           	-7.67699573e-02
58.61           	-8.55704972e-02
58.81           	-8.55704972e-02
59.01           	-8.55704972e-02
59.21           	-1.06986444e-01
59.41           	-1.06986444e-01
59.61           	-1.31332656e-01
59.81           	-1.31332656e-01
60.01           	-1.31332656e-01
60.21           	-1.46869932e-01
60.41           	-1.46869932e-01
60.61           	-1.47284720e-01
60.81           	-1.47284720e-01
61.01           	-1.47284720e-01
61.21           	-1.39864198e-01
61.41           	-1.39864198e-01
61.61           	-1.31193616e-01
61.81           	-1.31193616e-01
62.01           	-1.31193616e-01
62.21           	-1.27018090e-01
62.41           	-1.27018090e-01
62.61           	-1.19798658e-01
62.81           	-1.19798658e-01
63.01           	-1.19798658e-01
63.21           	-1.11442854e-01
63.41           	-1.11442854e-01
63.61           	-9.14349165e-02
63.81           	-9.14349165e-02
64.01           	-9.14349165e-02
64.21           	-7.57177906e-02
64.41           	-7.57177906e-02
64.61           	-8.54669804e-02
64.81           	-8.54669804e-02
65.01           	-8.54669804e-02
65.21           	-1.07944696e-01
65.41           	-1.07944696e-01
65.61           	-1.22999202e-01
65.81           	-1.22999202e-01
66.01           	-1.22999202e-01
66.21           	-1.27289402e-01
66.41           	-1.27289402e-01
66.61           	-1.29425718e-01
66.81           	-1.29425718e-01
67.01           	-1.29425718e-01
67.21           	-1.26150410e-01
67.41           	-1.26150410e-01
67.61           	-1.15050242e-01
67.81           	-1.15050242e-01
68.01           	-1.15050242e-01
68.21           	-1.00630768e-01
68.41           	-1.00630768e-01
68.61           	-8.41115975e-02
68.81           	-8.41115975e-02
69.01           	-8.41115975e-02
69.21           	-7.60471003e-02
69.41           	-7.60471003e-02
69.61           	-8.32232471e-02
69.81           	-8.32232471e-02
70.01           	-8.32232471e-02
70.21           	-9.72698151e-02
70.41           	-9.72698151e-02
70.61           	-1.04992764e-01
70.81           	-1.04992764e-01
71.01           	-1.04992764e-01
71.21           	-1.06650047e-01
71.41           	-1.06650047e-01
71.61           	-1.10591564e-01
71.81           	-1.10591564e-01
72.01           	-1.10591564e-01
72.21           	-1.10527154e-01
72.41           	-1.10527154e-01
72.61           	-1.09858974e-01
72.81           	-1.09858974e-01
73.01           	-1.09858974e-01
73.21           	-1.04003472e-01
73.41           	-1.04003472e-01
73.61           	-9.55669832e-02
73.81           	-9.55669832e-02
74.01           	-9.55669832e-02
74.21           	-8.60735873e-02
74.41           	-8.60735873e-02
74.61           	-8.78376619e-02
74.81           	-8.78376619e-02
75.01           	-8.78376619e-02
75.21           	-1.03273405e-01
75.41           	-1.03273405e-01
75.61           	-1.13733412e-01
75.81           	-1.13733412e-01
76.01           	-1.13733412e-01
76.21           	-1.20892362e-01
76.41           	-1.20892362e-01
76.61           	-1.25797175e-01
76.81           	-1.25797175e-01
77.01           	-1.25797175e-01
77.21           	-1.27021312e-01
77.41           	-1.27021312e-01
77.61           	-1.15358940e-01
77.81           	-1.15358940e-01
78.01           	-1.15358940e-01
78.21           	-1.02556338e-01
78.41           	-1.02556338e-01
78.61           	-8.59394352e-02
78.81           	-8.59394352e-02
79.01           	-8.59394352e-02
79.21           	-6.57536429e-02
79.41           	-6.57536429e-02
79.61           	-5.46193883e-02
79.81           	-5.46193883e-02
80.01           	-5.46193883e-02
80.21           	-6.33689384e-02
80.41           	-6.33689384e-02
80.61           	-8.56818077e-02
80.81           	-8.56818077e-02
81.01           	-8.56818077e-02
81.21           	-1.01203455e-01
81.41           	-1.01203455e-01
81.61           	-1.04233276e-01
81.81           	-1.04233276e-01
82.01           	-1.04233276e-01
82.21           	-1.04364225e-01
82.41           	-1.04364225e-01
82.61           	-1.01274682e-01
82.81           	-1.01274682e-01
83.01           	-1.01274682e-01
83.21           	-9.44959515e-02
83.41           	-9.44959515e-02
83.61           	-9.10017743e-02
83.81           	-9.10017743e-02
84.01           	-9.10017743e-02
84.21           	-9.25875600e-02
84.41           	-9.25875600e-02
84.61           	-8.69531707e-02
84.81           	-8.69531707e-02
85.01           	-8.69531707e-02
85.21           	-7.66227855e-02
85.41           	-7.66227855e-02
85.61           	-7.65522841e-02
85.81           	-7.65522841e-02
86.01           	-7.65522841e-02
86.21           	-9.07239260e-02
86.41           	-9.07239260e-02
86.61           	-1.09055218e-01
86.81           	-1.09055218e-01
87.01           	-1.09055218e-01
87.21           	-1.21247116e-01
87.41           	-1.21247116e-01
87.61           	-1.26089910e-01
87.81           	-1.26089910e-01
88.01           	-1.26089910e-01
88.21           	-1.27213836e-01
88.41           	-1.27213836e-01
88.61           	-1.32031033e-01
88.81           	-1.32031033e-01
89.01           	-1.32031033e-01
89.21           	-1.28484206e-01
89.41           	-1.28484206e-01
89.61           	-1.10640253e-01
89.81           	-1.10640253e-01
90.01           	-1.10640253e-01
90.21           	-8.48648650e-02
90.41           	-8.48648650e-02
90.61           	-6.89946336e-02
90.81           	-6.89946336e-02
91.01           	-6.89946336e-02
91.21           	-7.05432575e-02
91.41           	-7.05432575e-02
91.61           	-8.16406968e-02
91.81           	-8.16406968e-02
92.01           	-8.16406968e-02
92.21           	-9.03847138e-02
92.41           	-9.03847138e-02
92.61           	-9.02623041e-02
92.81           	-9.02623041e-02
93.01           	-9.02623041e-02
93.21           	-8.43612432e-02
93.41           	-8.43612432e-02
93.61           	-8.10641291e-02
93.81           	-8.10641291e-02
94.01           	-8.10641291e-02
94.21           	-8.74382310e-02
94.41           	-8.74382310e-02
94.61           	-1.01496300e-01
94.81           	-1.01496300e-01
95.01           	-1.01496300e-01
95.21           	-1.07992118e-01
95.41           	-1.07992118e-01
95.61           	-1.06186258e-01
95.81           	-1.06186258e-01
96.01           	-1.06186258e-01
96.21           	-1.08791993e-01
96.41           	-1.08791993e-01
96.61           	-1.21281585e-01
96.81           	-1.21281585e-01
97.01           	-1.21281585e-01
97.21           	-1.32127966e-01
97.41           	-1.32127966e-01
97.61           	-1.36331497e-01
97.81           	-1.36331497e-01
98.01           	-1.36331497e-01
98.21           	-1.36801787e-01
98.41           	-1.36801787e-01
98.61           	-1.30936975e-01
98.81           	-1.30936975e-01
99.01           	-1.30936975e-01
99.21           	-1.17748005e-01
99.41           	-1.17748005e-01
99.61           	-1.05768010e-01
99.81           	-1.05768010e-01
100.01          	-1.05768010e-01
100.21          	-9.17331969e-02
100.41          	-9.17331969e-02
100.61          	-7.99478994e-02
100.81          	-7.99478994e-02
101.01          	-7.99478994e-02
101.21          	-6.70919453e-02
101.41          	-6.70919453e-02
101.61          	-6.65836708e-02
101.81          	-6.65836708e-02
102.01          	-6.65836708e-02
102.21          	-8.51663345e-02
102.41          	-8.51663345e-02
102.61          	-1.10948761e-01
102.81          	-1.10948761e-01
103.01          	-1.10948761e-01
103.21          	-1.28060897e-01
103.41          	-1.28060897e-01
103.61          	-1.40627437e-01
103.81          	-1.40627437e-01
104.01          	-1.40627437e-01
104.21          	-1.40233049e-01
104.41          	-1.40233049e-01
104.61          	-1.29946968e-01
104.81          	-1.29946968e-01
105.01          	-1.29946968e-01
105.21          	-1.19875685e-01
105.41          	-1.19875685e-01
105.61          	-1.09983865e-01
105.81          	-1.09983865e-01
106.01          	-1.09983865e-01
106.21          	-9.87679181e-02
106.41          	-9.87679181e-02
106.61          	-9.16470468e-02
106.81          	-9.16470468e-02
107.01          	-9.16470468e-02
107.21          	-9.39636834e-02
107.41          	-9.39636834e-02
107.61          	-1.02217759e-01
107.81          	-1.02217759e-01
108.01          	-1.02217759e-01
108.21          	-1.12893633e-01
108.41          	-1.12893633e-01
108.61          	-1.21996642e-01
108.81          	-1.21996642e-01
109.01          	-1.21996642e-01
109.21          	-1.26591788e-01
109.41          	-1.26591788e-01
109.61          	-1.23850242e-01
109.81          	-1.23850242e-01
110.01          	-1.23850242e-01
110.21          	-1.13114557e-01
110.41          	-1.13114557e-01
110.61          	-9.67319635e-02
110.81          	-9.67319635e-02
111.01          	-9.67319635e-02
111.21          	-8.43748784e-02
111.41          	-8.43748784e-02
111.61          	-7.73936936e-02
111.81          	-7.73936936e-02
112.01          	-7.73936936e-02
112.21          	-7.80414278e-02
112.41          	-7.80414278e-02
112.61          	-8.26145545e-02
112.81          	-8.26145545e-02
113.01          	-8.26145545e-02
113.21          	-9.01874757e-02
113.41          	-9.01874757e-02
113.61          	-1.00159873e-01
113.81          	-1.00159873e-01
114.01          	-1.00159873e-01
114.21          	-1.04980798e-01
114.41          	-1.04980798e-01
114.61          	-1.03716433e-01
114.81          	-1.03716433e-01
115.01          	-1.03716433e-01
115.21          	-1.05978581e-01
115.41          	-1.05978581e-01
115.61          	-1.11916933e-01
115.81          	-1.11916933e-01
116.01          	-1.11916933e-01
116.21          	-1.11064170e-01
116.41          	-1.11064170e-01
116.61          	-1.04321191e-01
116.81          	-1.04321191e-01
117.01          	-1.04321191e-01
117.21          	-8.38002507e-02
117.41          	-8.38002507e-02
117.61          	-6.62389358e-02
117.81          	-6.62389358e-02
118.01          	-6.62389358e-02
118.21          	-6.65754165e-02
118.41          	-6.65754165e-02
118.61          	-7.71494802e-02
118.81          	-7.71494802e-02
119.01          	-7.71494802e-02
119.21          	-8.68457847e-02
119.41          	-8.68457847e-02
119.61          	-9.36178476e-02
119.81          	-9.36178476e-02
120.01          	-9.36178476e-02
120.21          	-1.03633743e-01
120.41          	-1.03633743e-01
120.61          	-1.09963767e-01
120.81          	-1.09963767e-01
121.01          	-1.09963767e-01
121.21          	-1.17350711e-01
121.41          	-1.17350711e-01
121.61          	-1.28587761e-01
121.81          	-1.28587761e-01
122.01          	-1.28587761e-01
122.21          	-1.28997950e-01
122.41          	-1.28997950e-01
122.61          	-1.23541810e-01
122.81          	-1.23541810e-01
123.01          	-1.23541810e-01
123.21          	-1.19027845e-01
123.41          	-1.19027845e-01
123.61          	-1.23810236e-01
123.81          	-1.23810236e-01
124.01          	-1.23810236e-01
124.21          	-1.32964621e-01
124.41          	-1.32964621e-01
124.61          	-1.38173364e-01
124.81          	-1.38173364e-01
125.01          	-1.38173364e-01
125.21          	-1.35218975e-01
125.41          	-1.35218975e-01
125.61          	-1.25108718e-01
125.81          	-1.25108718e-01
126.01          	-1.25108718e-01
126.21          	-1.08600331e-01
126.41          	-1.08600331e-01
126.61          	-9.86999646e-02
126.81          	-9.86999646e-02
127.01          	-9.86999646e-02
127.21          	-9.50215499e-02
127.41          	-9.50215499e-02
127.61          	-9.27752647e-02
127.81          	-9.27752647e-02
128.01          	-9.27752647e-02
128.21          	-8.38735095e-02
128.41          	-8.38735095e-02
128.61          	-7.71562046e-02
128.81          	-7.71562046e-02
129.01          	-7.71562046e-02
129.21          	-7.80799103e-02
129.41          	-7.80799103e-02
129.61          	-8.60353135e-02
129.81          	-8.60353135e-02
130.01          	-8.60353135e-02
130.21          	-9.89559335e-02
130.41          	-9.89559335e-02
130.61          	-1.10292952e-01
130.81          	-1.10292952e-01
131.01          	-1.10292952e-01
131.21          	-1.16317277e-01
131.41          	-1.16317277e-01
131.61          	-1.24703826e-01
131.81          	-1.24703826e-01
132.01          	-1.24703826e-01
132.21          	-1.37756637e-01
132.41          	-1.37756637e-01
132.61          	-1.38952185e-01
132.81          	-1.38952185e-01
133.01          	-1.38952185e-01
133.21          	-1.24838681e-01
133.41          	-1.24838681e-01
133.61          	-1.09905962e-01
133.81          	-1.09905962e-01
134.01          	-1.09905962e-01
134.21          	-1.03241087e-01
134.41          	-1.03241087e-01
134.61          	-1.14072434e-01
134.81          	-1.14072434e-01
135.01          	-1.14072434e-01
135.21          	-1.32062777e-01
135.41          	-1.32062777e-01
135.61          	-1.32069780e-01
135.81          	-1.32069780e-01
136.01          	-1.32069780e-01
136.21          	-1.22168811e-01
136.41          	-1.22168811e-01
136.61          	-1.09508701e-01
136.81          	-1.09508701e-01
137.01          	-1.09508701e-01
137.21          	-9.94156690e-02
137.41          	-9.94156690e-02
137.61          	-8.87658584e-02
137.81          	-8.87658584e-02
138.01          	-8.87658584e-02
138.21          	-8.14704654e-02
138.41          	-8.14704654e-02
138.61          	-7.66962513e-02
138.81          	-7.66962513e-02
139.01          	-7.66962513e-02
139.21          	-7.53624601e-02
139.41          	-7.53624601e-02
139.61          	-7.74161942e-02
139.81          	-7.74161942e-02
140.01          	-7.74161942e-02
140.21          	-8.76028945e-02
140.41          	-8.76028945e-02
140.61          	-1.01414162e-01
140.81          	-1.01414162e-01
141.01          	-1.01414162e-01
141.21          	-1.12259991e-01
141.41          	-1.12259991e-01
141.61          	-1.20552156e-01
141.81          	-1.20552156e-01
142.01          	-1.20552156e-01
142.21          	-1.20313093e-01
142.41          	-1.20313093e-01
142.61          	-1.09123575e-01
142.81          	-1.09123575e-01
143.01          	-1.09123575e-01
143.21          	-9.95715982e-02
143.41          	-9.95715982e-02
143.61          	-8.97893504e-02
143.81          	-8.97893504e-02
144.01          	-8.97893504e-02
144.21          	-8.09879660e-02
144.41          	-8.09879660e-02
144.61          	-8.11298157e-02
144.81          	-8.11298157e-02
145.01          	-8.11298157e-02
145.21          	-8.68502009e-02
145.41          	-8.68502009e-02
145.61          	-1.03636696e-01
145.81          	-1.03636696e-01
146.01          	-1.03636696e-01
146.21          	-1.22231503e-01
146.41          	-1.22231503e-01
146.61          	-1.27392578e-01
146.81          	-1.27392578e-01
147.01          	-1.27392578e-01
147.21          	-1.22637494e-01
147.41          	-1.22637494e-01
147.61          	-1.14650350e-01
147.81          	-1.14650350e-01
148.01          	-1.14650350e-01
148.21          	-1.14354790e-01
148.41          	-1.14354790e-01
148.61          	-1.10779680e-01
148.81          	-1.10779680e-01
149.01          	-1.10779680e-01
149.21          	-9.79815161e-02
149.41          	-9.79815161e-02
149.61          	-8.01957380e-02
149.81          	-8.01957380e-02
150.01          	-8.01957380e-02
150.21          	-7.97923464e-02
150.41          	-7.97923464e-02
150.61          	-9.35326724e-02
150.81          	-9.35326724e-02
151.01          	-9.35326724e-02
151.21          	-1.08960851e-01
151.41          	-1.08960851e-01
151.61          	-1.25597764e-01
151.81          	-1.25597764e-01
152.01          	-1.25597764e-01
152.21          	-1.35098101e-01
152.41          	-1.35098101e-01
152.61          	-1.38781080e-01
152.81          	-1.38781080e-01
153.01          	-1.38781080e-01
153.21          	-1.31232426e-01
153.41          	-1.31232426e-01
153.61          	-1.15445327e-01
153.81          	-1.15445327e-01
154.01          	-1.15445327e-01
154.21          	-1.02973396e-01
154.41          	-1.02973396e-01
154.61          	-9.43582717e-02
154.81          	-9.43582717e-02
155.01          	-9.43582717e-02
155.21          	-9.25610100e-02
155.41          	-9.25610100e-02
155.61          	-9.26304604e-02
155.81          	-9.26304604e-02
156.01          	-9.26304604e-02
156.21          	-9.89888017e-02
156.41          	-9.89888017e-02
156.61          	-1.04547957e-01
156.81          	-1.04547957e-01
157.01          	-1.04547957e-01
157.21          	-1.05631903e-01
157.41          	-1.05631903e-01
157.61          	-1.03841716e-01
157.81          	-1.03841716e-01
158.01          	-1.03841716e-01
158.21          	-1.08657263e-01
158.41          	-1.08657263e-01
158.61          	-1.19172855e-01
158.81          	-1.19172855e-01
159.01          	-1.19172855e-01
159.21          	-1.24289754e-01
159.41          	-1.24289754e-01
159.61          	-1.18537139e-01
159.81          	-1.18537139e-01
160.01          	-1.18537139e-01
160.21          	-1.06491389e-01
160.41          	-1.06491389e-01
160.61          	-9.21024131e-02
160.81          	-9.21024131e-02
161.01          	-9.21024131e-02
161.21          	-9.45329894e-02
161.41          	-9.45329894e-02
161.61          	-1.08361653e-01
161.81          	-1.08361653e-01
162.01          	-1.08361653e-01
162.21          	-1.15879092e-01
162.41          	-1.15879092e-01
162.61          	-1.16768592e-01
162.81          	-1.16768592e-01
163.01          	-1.16768592e-01
163.21          	-1.07255798e-01
163.41          	-1.07255798e-01
163.61          	-9.05370973e-02
163.81          	-9.05370973e-02
164.01          	-9.05370973e-02
164.21          	-8.18701656e-02
164.41          	-8.18701656e-02
164.61          	-7.87912057e-02
164.81          	-7.87912057e-02
165.01          	-7.87912057e-02
165.21          	-7.16354530e-02
165.41          	-7.16354530e-02
165.61          	-6.75218859e-02
165.81          	-6.75218859e-02
166.01          	-6.75218859e-02
166.21          	-7.54723187e-02
166.41          	-7.54723187e-02
166.61          	-9.65395296e-02
166.81          	-9.65395296e-02
167.01          	-9.65395296e-02
167.21          	-1.15428361e-01
167.41          	-1.15428361e-01
167.61          	-1.22844330e-01
167.81          	-1.22844330e-01
168.01          	-1.22844330e-01
168.21          	-1.20859129e-01
168.41          	-1.20859129e-01
168.61          	-1.11156323e-01
168.81          	-1.11156323e-01
169.01          	-1.11156323e-01
169.21          	-9.55713814e-02
169.41          	-9.55713814e-02
169.61          	-8.06269101e-02
169.81          	-8.06269101e-02
170.01          	-8.06269101e-02
170.21          	-7.04775838e-02
170.41          	-7.04775838e-02
170.61          	-6.38762903e-02
170.81          	-6.38762903e-02
171.01          	-6.38762903e-02
171.21          	-6.19069767e-02
171.41          	-6.19069767e-02
171.61          	-7.17893888e-02
171.81          	-7.17893888e-02
172.01          	-7.17893888e-02
172.21          	-9.10412644e-02
172.41          	-9.10412644e-02
172.61          	-1.05560065e-01
172.81          	-1.05560065e-01
173.01          	-1.05560065e-01
173.21          	-1.19336548e-01
173.41          	-1.19336548e-01
173.61          	-1.21976191e-01
173.81          	-1.21976191e-01
174.01          	-1.21976191e-01
174.21          	-1.19632683e-01
174.41          	-1.19632683e-01
174.61          	-1.09530951e-01
174.81          	-1.09530951e-01
175.01          	-1.09530951e-01
175.21          	-9.44744150e-02
175.41          	-9.44744150e-02
175.61          	-7.47523650e-02
175.81          	-7.47523650e-02
176.01          	-7.47523650e-02
176.21          	-5.65256229e-02
176.41          	-5.65256229e-02
176.61          	-4.49646160e-02
176.81          	-4.49646160e-02
177.01          	-4.49646160e-02
177.21          	-5.51524694e-02
177.41          	-5.51524694e-02
177.61          	-7.80612101e-02
177.81          	-7.80612101e-02
178.01          	-7.80612101e-02
178.21          	-9.48529575e-02
178.41          	-9.48529575e-02
178.61          	-1.00900214e-01
178.81          	-1.00900214e-01
179.01          	-1.00900214e-01
179.21          	-9.88276311e-02
179.41          	-9.88276311e-02
179.61          	-9.65826237e-02
179.81          	-9.65826237e-02
180.01          	-9.65826237e-02
180.21          	-9.72833499e-02
180.41          	-9.72833499e-02
180.61          	-9.87587394e-02
180.81          	-9.87587394e-02
181.01          	-9.87587394e-02
181.21          	-9.75051656e-02
181.41          	-9.75051656e-02
181.61          	-8.63542302e-02
181.81          	-8.63542302e-02
182.01          	-8.63542302e-02
182.21          	-6.77945890e-02
182.41          	-6.77945890e-02
182.61          	-5.72683155e-02
182.81          	-5.72683155e-02
183.01          	-5.72683155e-02
183.21          	-6.90491392e-02
183.41          	-6.90491392e-02
183.61          	-8.35873297e-02
183.81          	-8.35873297e-02
184.01          	-8.35873297e-02
184.21          	-9.66946812e-02
184.41          	-9.66946812e-02
184.61          	-1.05546578e-01
184.81          	-1.05546578e-01
185.01          	-1.05546578e-01
185.21          	-1.07346189e-01
185.41          	-1.07346189e-01
185.61          	-1.04073157e-01
185.81          	-1.04073157e-01
186.01          	-1.04073157e-01
186.21          	-9.61799802e-02
186.41          	-9.61799802e-02
186.61          	-8.78326287e-02
186.81          	-8.78326287e-02
187.01          	-8.78326287e-02
187.21          	-7.29222547e-02
187.41          	-7.29222547e-02
187.61          	-6.25149271e-02
187.81          	-6.25149271e-02
188.01          	-6.25149271e-02
188.21          	-6.82174616e-02
188.41          	-6.82174616e-02
188.61          	-8.39619040e-02
188.81          	-8.39619040e-02
189.01          	-8.39619040e-02
189.21          	-9.20706502e-02
189.41          	-9.20706502e-02
189.61          	-9.39528188e-02
189.81          	-9.39528188e-02
190.01          	-9.39528188e-02
190.21          	-9.38963718e-02
190.41          	-9.38963718e-02
190.61          	-9.67417703e-02
190.81          	-9.67417703e-02
191.01          	-9.67417703e-02
191.21          	-1.03418321e-01
191.41          	-1.03418321e-01
191.61          	-1.14285928e-01
191.81          	-1.14285928e-01
192.01          	-1.14285928e-01
192.21          	-1.22506730e-01
192.41          	-1.22506730e-01
192.61          	-1.19392664e-01
192.81          	-1.19392664e-01
193.01          	-1.19392664e-01
193.21          	-1.08166103e-01
193.41          	-1.08166103e-01
193.61          	-1.05796963e-01
193.81          	-1.05796963e-01
194.01          	-1.05796963e-01
194.21          	-1.06742791e-01
194.41          	-1.06742791e-01
194.61          	-1.08041344e-01
194.81          	-1.08041344e-01
195.01          	-1.08041344e-01
195.21          	-1.05664749e-01
195.41          	-1.05664749e-01
195.61          	-1.01189622e-01
195.81          	-1.01189622e-01
196.01          	-1.01189622e-01
196.21          	-9.28620046e-02
196.41          	-9.28620046e-02
196.61          	-8.13413044e-02
196.81          	-8.13413044e-02
197.01          	-8.13413044e-02
197.21          	-7.66553103e-02
197.41          	-7.66553103e-02
197.61          	-7.21079547e-02
197.81          	-7.21079547e-02
198.01          	-7.21079547e-02
198.21          	-6.34924044e-02
198.41          	-6.34924044e-02
198.61          	-6.46496946e-02
198.81          	-6.46496946e-02
199.01          	-6.46496946e-02
199.21          	-8.16189775e-02
199.41          	-8.16189775e-02
199.61          	-9.59100450e-02
199.81          	-9.59100450e-02
200.01          	-9.59100450e-02
200.21          	-1.11295513e-01
200.41          	-1.11295513e-01
200.61          	-1.19928639e-01
200.81          	-1.19928639e-01
201.01          	-1.19928639e-01
201.21          	-1.28249112e-01
201.41          	-1.28249112e-01
201.61          	-1.32768479e-01
201.81          	-1.32768479e-01
202.01          	-1.32768479e-01
202.21          	-1.29869999e-01
202.41          	-1.29869999e-01
202.61          	-1.18951815e-01
202.81          	-1.18951815e-01
203.01          	-1.18951815e-01
203.21          	-1.02328188e-01
203.41          	-1.02328188e-01
203.61          	-8.72990314e-02
203.81          	-8.72990314e-02
204.01          	-8.72990314e-02
204.21          	-9.45536417e-02
204.41          	-9.45536417e-02
204.61          	-1.20676819e-01
204.81          	-1.20676819e-01
205.01          	-1.20676819e-01
205.21          	-1.47804660e-01
205.41          	-1.47804660e-01
205.61          	-1.52074978e-01
205.81          	-1.52074978e-01
206.01          	-1.52074978e-01
206.21          	-1.44563454e-01
206.41          	-1.44563454e-01
206.61          	-1.28685931e-01
206.81          	-1.28685931e-01
207.01          	-1.28685931e-01
207.21          	-1.07350799e-01
207.41          	-1.07350799e-01
207.61          	-9.31663587e-02
207.81          	-9.31663587e-02
208.01          	-9.31663587e-02
208.21          	-8.36727394e-02
208.41          	-8.36727394e-02
208.61          	-7.69677511e-02
208.81          	-7.69677511e-02
209.01          	-7.69677511e-02
209.21          	-6.97892633e-02
209.41          	-6.97892633e-02
209.61          	-7.19008416e-02
209.81          	-7.19008416e-02
210.01          	-7.19008416e-02
210.21          	-8.74399430e-02
210.41          	-8.74399430e-02
210.61          	-1.02083987e-01
210.81          	-1.02083987e-01
211.01          	-1.02083987e-01
211.21          	-1.14798732e-01
211.41          	-1.14798732e-01
211.61          	-1.26863503e-01
211.81          	-1.26863503e-01
212.01          	-1.26863503e-01
212.21          	-1.36596027e-01
212.41          	-1.36596027e-01
212.61          	-1.36148255e-01
212.81          	-1.36148255e-01
213.01          	-1.36148255e-01
213.21          	-1.30587001e-01
213.41          	-1.30587001e-01
213.61          	-1.15609062e-01
213.81          	-1.15609062e-01
214.01          	-1.15609062e-01
214.21          	-9.51940229e-02
214.41          	-9.51940229e-02
214.61          	-7.35746074e-02
214.81          	-7.35746074e-02
215.01          	-7.35746074e-02
215.21          	-6.44640044e-02
215.41          	-6.44640044e-02
215.61          	-7.13217803e-02
215.81          	-7.13217803e-02
216.01          	-7.13217803e-02
216.21          	-8.85736961e-02
216.41          	-8.85736961e-02
216.61          	-1.02089654e-01
216.81          	-1.02089654e-01
217.01          	-1.02089654e-01
217.21          	-1.05063715e-01
217.41          	-1.05063715e-01
217.61          	-1.07136023e-01
217.81          	-1.07136023e-01
218.01          	-1.07136023e-01
218.21          	-1.05889892e-01
218.41          	-1.05889892e-01
218.61          	-1.10969843e-01
218.81          	-1.10969843e-01
219.01          	-1.10969843e-01
219.21          	-1.15776069e-01
219.41          	-1.15776069e-01
219.61          	-1.07798307e-01
219.81          	-1.07798307e-01
220.01          	-1.07798307e-01
220.21          	-8.89681147e-02
220.41          	-8.89681147e-02
220.61          	-7.25801601e-02
220.81          	-7.25801601e-02
221.01          	-7.25801601e-02
221.21          	-6.90348591e-02
221.41          	-6.90348591e-02
221.61          	-7.40676727e-02
221.81          	-7.40676727e-02
222.01          	-7.40676727e-02
222.21          	-7.82753584e-02
222.41          	-7.82753584e-02
222.61          	-8.79497095e-02
222.81          	-8.79497095e-02
223.01          	-8.79497095e-02
223.21          	-1.00248858e-01
223.41          	-1.00248858e-01
223.61          	-1.10443767e-01
223.81          	-1.10443767e-01
224.01          	-1.10443767e-01
224.21          	-1.10741969e-01
224.41          	-1.10741969e-01
224.61          	-1.03486348e-01
224.81          	-1.03486348e-01
225.01          	-1.03486348e-01
225.21          	-9.26565205e-02
225.41          	-9.26565205e-02
225.61          	-8.72427896e-02
225.81          	-8.72427896e-02
226.01          	-8.72427896e-02
226.21          	-9.86035245e-02
226.41          	-9.86035245e-02
226.61          	-1.20143969e-01
226.81          	-1.20143969e-01
227.01          	-1.20143969e-01
227.21          	-1.31318289e-01
227.41          	-1.31318289e-01
227.61          	-1.24694138e-01
227.81          	-1.24694138e-01
228.01          	-1.24694138e-01
228.21          	-1.14663707e-01
228.41          	-1.14663707e-01
228.61          	-1.13028671e-01
228.81          	-1.13028671e-01
229.01          	-1.13028671e-01
229.21          	-1.08631223e-01
229.41          	-1.08631223e-01
229.61          	-1.02949676e-01
229.81          	-1.02949676e-01
230.01          	-1.02949676e-01
230.21          	-8.92852883e-02
230.41          	-8.92852883e-02
230.61          	-7.62444181e-02
230.81          	-7.62444181e-02
231.01          	-7.62444181e-02
231.21          	-6.99725755e-02
231.41          	-6.99725755e-02
231.61          	-7.49939663e-02
231.81          	-7.49939663e-02
232.01          	-7.49939663e-02
232.21          	-9.05668185e-02
232.41          	-9.05668185e-02
232.61          	-1.09722837e-01
232.81          	-1.09722837e-01
233.01          	-1.09722837e-01
233.21          	-1.24950585e-01
233.41          	-1.24950585e-01
233.61          	-1.32056682e-01
233.81          	-1.32056682e-01
234.01          	-1.32056682e-01
234.21          	-1.24672315e-01
234.41          	-1.24672315e-01
234.61          	-1.07630202e-01
234.81          	-1.07630202e-01
235.01          	-1.07630202e-01
235.21          	-9.53894575e-02
235.41          	-9.53894575e-02
235.61          	-9.10035338e-02
235.81          	-9.10035338e-02
236.01          	-9.10035338e-02
236.21          	-8.82117502e-02
236.41          	-8.82117502e-02
236.61          	-9.24394790e-02
236.81          	-9.24394790e-02
237.01          	-9.24394790e-02
237.21          	-9.55621421e-02
237.41          	-9.55621421e-02
237.61          	-9.60475024e-02
237.81          	-9.60475024e-02
238.01          	-9.60475024e-02
238.21          	-9.85120735e-02
238.41          	-9.85120735e-02
238.61          	-9.75237475e-02
238.81          	-9.75237475e-02
239.01          	-9.75237475e-02
239.21          	-9.00048780e-02
239.41          	-9.00048780e-02
239.61          	-8.13435372e-02
239.81          	-8.13435372e-02
240.01          	-8.13435372e-02
240.21          	-7.49178824e-02
240.41          	-7.49178824e-02
240.61          	-7.47742033e-02
240.81          	-7.47742033e-02
241.01          	-7.47742033e-02
241.21          	-7.46159545e-02
241.41          	-7.46159545e-02
241.61          	-7.73445895e-02
241.81          	-7.73445895e-02
242.01          	-7.73445895e-02
242.21          	-7.91825903e-02
242.41          	-7.91825903e-02
242.61          	-7.81545058e-02
242.81          	-7.81545058e-02
243.01          	-7.81545058e-02
243.21          	-8.03415334e-02
243.41          	-8.03415334e-02
243.61          	-8.34156573e-02
243.81          	-8.34156573e-02
244.01          	-8.34156573e-02
244.21          	-8.10627479e-02
244.41          	-8.10627479e-02
244.61          	-7.76618004e-02
244.81          	-7.76618004e-02
245.01          	-7.76618004e-02
245.21          	-7.51375550e-02
245.41          	-7.51375550e-02
245.61          	-7.32806323e-02
245.81          	-7.32806323e-02
246.01          	-7.32806323e-02
246.21          	-6.76204966e-02
246.41          	-6.76204966e-02
246.61          	-6.34811320e-02
246.81          	-6.34811320e-02
247.01          	-6.34811320e-02
247.21          	-6.65674294e-02
247.41          	-6.65674294e-02
247.61          	-6.51560818e-02
247.81          	-6.51560818e-02
248.01          	-6.51560818e-02
248.21          	-6.57274782e-02
248.41          	-6.57274782e-02
248.61          	-6.79051493e-02
248.81          	-6.79051493e-02
249.01          	-6.79051493e-02
249.21          	-7.93344237e-02
249.41          	-7.93344237e-02
249.61          	-9.44404022e-02
249.81          	-9.44404022e-02
250.01          	-9.44404022e-02
250.21          	-1.06675890e-01
250.41          	-1.06675890e-01
250.61          	-1.11802080e-01
250.81          	-1.11802080e-01
251.01          	-1.11802080e-01
251.21          	-1.04890005e-01
251.41          	-1.04890005e-01
251.61          	-8.87556197e-02
251.81          	-8.87556197e-02
252.01          	-8.87556197e-02
252.21          	-7.29653522e-02
252.41          	-7.29653522e-02
252.61          	-6.99374657e-02
252.81          	-6.99374657e-02
253.01          	-6.99374657e-02
253.21          	-7.44184612e-02
253.41          	-7.44184612e-02
253.61          	-8.16053299e-02
253.81          	-8.16053299e-02
254.01          	-8.16053299e-02
254.21          	-9.17288635e-02
254.41          	-9.17288635e-02
254.61          	-9.99765983e-02
254.81          	-9.99765983e-02
255.01          	-9.99765983e-02
255.21          	-1.00687365e-01
255.41          	-1.00687365e-01
255.61          	-9.68682205e-02
255.81          	-9.68682205e-02
256.01          	-9.68682205e-02
256.21          	-9.67410983e-02
256.41          	-9.67410983e-02
256.61          	-1.01725186e-01
256.81          	-1.01725186e-01
257.01          	-1.01725186e-01
257.21          	-1.01171785e-01
257.41          	-1.01171785e-01
257.61          	-9.23707950e-02
257.81          	-9.23707950e-02
258.01          	-9.23707950e-02
258.21          	-7.83359341e-02
258.41          	-7.83359341e-02
258.61          	-7.53327818e-02
258.81          	-7.53327818e-02
259.01          	-7.53327818e-02
259.21          	-8.03129523e-02
259.41          	-8.03129523e-02
259.61          	-8.66630153e-02
259.81          	-8.66630153e-02
260.01          	-8.66630153e-02
260.21          	-9.81867854e-02
260.41          	-9.81867854e-02
260.61          	-1.04131686e-01
260.81          	-1.04131686e-01
261.01          	-1.04131686e-01
261.21          	-1.08445625e-01
261.41          	-1.08445625e-01
261.61          	-1.17502309e-01
261.81          	-1.17502309e-01
262.01          	-1.17502309e-01
262.21          	-1.34673440e-01
262.41          	-1.34673440e-01
262.61          	-1.45323395e-01
262.81          	-1.45323395e-01
263.01          	-1.45323395e-01
263.21          	-1.42657763e-01
263.41          	-1.42657763e-01
263.61          	-1.37795956e-01
263.81          	-1.37795956e-01
264.01          	-1.37795956e-01
264.21          	-1.28085112e-01
264.41          	-1.28085112e-01
264.61          	-1.20202274e-01
264.81          	-1.20202274e-01
265.01          	-1.20202274e-01
265.21          	-1.23710480e-01
265.41          	-1.23710480e-01
265.61          	-1.33048624e-01
265.81          	-1.33048624e-01
266.01          	-1.33048624e-01
266.21          	-1.31487368e-01
266.41          	-1.31487368e-01
266.61          	-1.21635832e-01
266.81          	-1.21635832e-01
267.01          	-1.21635832e-01
267.21          	-1.05649422e-01
267.41          	-1.05649422e-01
267.61          	-9.03226507e-02
267.81          	-9.03226507e-02
268.01          	-9.03226507e-02
268.21          	-7.66077782e-02
268.41          	-7.66077782e-02
268.61          	-7.76543292e-02
268.81          	-7.76543292e-02
269.01          	-7.76543292e-02
269.21          	-9.74382616e-02
269.41          	-9.74382616e-02
269.61          	-1.20728957e-01
269.81          	-1.20728957e-01
270.01          	-1.20728957e-01
270.21          	-1.34544423e-01
270.41          	-1.34544423e-01
270.61          	-1.28066159e-01
270.81          	-1.28066159e-01
271.01          	-1.28066159e-01
271.21          	-1.10866593e-01
271.41          	-1.10866593e-01
271.61          	-9.79884000e-02
271.81          	-9.79884000e-02
272.01          	-9.79884000e-02
272.21          	-9.85857079e-02
272.41          	-9.85857079e-02
272.61          	-1.05059315e-01
272.81          	-1.05059315e-01
273.01          	-1.05059315e-01
273.21          	-1.04228262e-01
273.41          	-1.04228262e-01
273.61          	-9.84646825e-02
273.81          	-9.84646825e-02
274.01          	-9.84646825e-02
274.21          	-8.89426276e-02
274.41          	-8.89426276e-02
274.61          	-8.18684800e-02
274.81          	-8.18684800e-02
275.01          	-8.18684800e-02
275.21          	-8.29783263e-02
275.41          	-8.29783263e-02
275.61          	-8.62686981e-02
275.81          	-8.62686981e-02
276.01          	-8.62686981e-02
276.21          	-1.00817131e-01
276.41          	-1.00817131e-01
276.61          	-1.19120097e-01
276.81          	-1.19120097e-01
277.01          	-1.19120097e-01
277.21          	-1.26465355e-01
277.41          	-1.26465355e-01
277.61          	-1.12365069e-01
277.81          	-1.12365069e-01
278.01          	-1.12365069e-01
278.21          	-9.16179469e-02
278.41          	-9.16179469e-02
278.61          	-7.22960734e-02
278.81          	-7.22960734e-02
279.01          	-7.22960734e-02
279.21          	-6.94020268e-02
279.41          	-6.94020268e-02
279.61          	-8.82367369e-02
279.81          	-8.82367369e-02
280.01          	-8.82367369e-02
280.21          	-1.05678928e-01
280.41          	-1.05678928e-01
280.61          	-1.13646600e-01
280.81          	-1.13646600e-01
281.01          	-1.13646600e-01
281.21          	-1.10597689e-01
281.41          	-1.10597689e-01
281.61          	-1.11249120e-01
281.81          	-1.11249120e-01
282.01          	-1.11249120e-01
282.21          	-1.11002140e-01
282.41          	-1.11002140e-01
282.61          	-1.05830094e-01
282.81          	-1.05830094e-01
283.01          	-1.05830094e-01
283.21          	-1.01071800e-01
283.41          	-1.01071800e-01
283.61          	-9.52824200e-02
283.81          	-9.52824200e-02
284.01          	-9.52824200e-02
284.21          	-1.01073792e-01
284.41          	-1.01073792e-01
284.61          	-1.14902333e-01
284.81          	-1.14902333e-01
285.01          	-1.14902333e-01
285.21          	-1.25093580e-01
285.41          	-1.25093580e-01
285.61          	-1.17472577e-01
285.81          	-1.17472577e-01
286.01          	-1.17472577e-01
286.21          	-9.80173386e-02
286.41          	-9.80173386e-02
286.61          	-8.90914863e-02
286.81          	-8.90914863e-02
287.01          	-8.90914863e-02
287.21          	-8.93508851e-02
287.41          	-8.93508851e-02
287.61          	-9.38936384e-02
287.81          	-9.38936384e-02
288.01          	-9.38936384e-02
288.21          	-9.46301255e-02
288.41          	-9.46301255e-02
288.61          	-8.48195924e-02
288.81          	-8.48195924e-02
289.01          	-8.48195924e-02
289.21          	-7.48345595e-02
289.41          	-7.48345595e-02
289.61          	-7.40488236e-02
289.81          	-7.40488236e-02
290.01          	-7.40488236e-02
290.21          	-8.66390005e-02
290.41          	-8.66390005e-02
290.61          	-9.78555318e-02
290.81          	-9.78555318e-02
291.01          	-9.78555318e-02
291.21          	-9.61355118e-02
291.41          	-9.61355118e-02
291.61          	-9.45967512e-02
291.81          	-9.45967512e-02
292.01          	-9.45967512e-02
292.21          	-9.48034394e-02
292.41          	-9.48034394e-02
292.61          	-1.03230675e-01
292.81          	-1.03230675e-01
293.01          	-1.03230675e-01
293.21          	-1.12231776e-01
293.41          	-1.12231776e-01
293.61          	-1.14880575e-01
293.81          	-1.14880575e-01
294.01          	-1.14880575e-01
294.21          	-1.09899504e-01
294.41          	-1.09899504e-01
294.61          	-9.76971390e-02
294.81          	-9.76971390e-02
295.01          	-9.76971390e-02
295.21          	-9.00096269e-02
295.41          	-9.00096269e-02
295.61          	-9.03611389e-02
295.81          	-9.03611389e-02
296.01          	-9.03611389e-02
296.21          	-8.73189311e-02
296.41          	-8.73189311e-02
296.61          	-8.16575309e-02
296.81          	-8.16575309e-02
297.01          	-8.16575309e-02
297.21          	-8.96410260e-02
297.41          	-8.96410260e-02
297.61          	-1.03663432e-01
297.81          	-1.03663432e-01
298.01          	-1.03663432e-01
298.21          	-1.17170491e-01
298.41          	-1.17170491e-01
298.61          	-1.25931503e-01
298.81          	-1.25931503e-01
299.01          	-1.25931503e-01
299.21          	-1.27152325e-01
299.41          	-1.27152325e-01
299.61          	-1.09704469e-01
299.81          	-1.09704469e-01
